<Hierarchy>:
<Frame>:
0
PBR_Golem
<Transform>:
0.000000
0.000000
0.000000
0.000000
0.000000
0.000000
1.000000
1.000000
1.000000
0.000000
0.000000
0.000000
1.000000
<TransformMatrix>:
1.000000
0.000000
0.000000
0.000000
0.000000
1.000000
0.000000
0.000000
0.000000
0.000000
1.000000
0.000000
0.000000
0.000000
0.000000
1.000000
<Children>:
2
<Frame>:
1
Hips
<Transform>:
0.000000
1.148060
-0.081189
0.000000
90.000000
298.464200
0.010000
0.010000
0.010000
-0.361729
0.607579
-0.361729
0.607579
<TransformMatrix>:
0.000000
-0.008791
-0.004766
0.000000
0.000000
0.004766
-0.008791
0.000000
0.010000
0.000000
0.000000
0.000000
0.000000
1.148060
-0.081189
1.000000
<Children>:
3
<Frame>:
2
Spine
<Transform>:
-69.203990
0.000000
0.000000
0.000000
180.000000
208.423900
1.000000
1.000000
1.000000
0.969394
-0.245510
0.000000
0.000000
<TransformMatrix>:
0.879450
-0.475992
0.000000
0.000000
-0.475992
-0.879450
0.000000
0.000000
0.000000
0.000000
-1.000000
0.000000
-69.203990
0.000000
0.000000
1.000000
<Children>:
3
<Frame>:
3
Head
<Transform>:
-154.294600
0.000000
0.000000
0.000000
180.000000
311.734300
1.000000
1.000000
1.000000
-0.408854
0.912600
0.000000
0.000000
<TransformMatrix>:
-0.665677
-0.746240
0.000000
0.000000
-0.746240
0.665677
0.000000
0.000000
0.000000
0.000000
-1.000000
0.000000
-154.294600
0.000000
0.000000
1.000000
<Children>:
1
<Frame>:
4
joint1
<Transform>:
-143.967700
0.000000
0.000000
337.074500
270.000000
0.000000
1.000000
1.000000
1.000000
-0.140524
-0.693003
-0.140524
0.693003
<TransformMatrix>:
0.000000
0.000000
1.000000
0.000000
0.389534
0.921012
0.000000
0.000000
-0.921012
0.389534
0.000000
0.000000
-143.967700
0.000000
0.000000
1.000000
<Children>:
0
</Frame>
</Frame>
<Frame>:
5
Upper_Arm_L
<Transform>:
-70.163090
-21.702750
95.466220
305.466600
79.901730
53.845240
1.000000
1.000000
1.000000
-0.054697
0.667937
0.570833
0.474361
<TransformMatrix>:
-0.543981
0.468492
-0.696132
0.000000
-0.614630
0.342317
0.710668
0.000000
0.571240
0.814454
0.101736
0.000000
-70.163090
-21.702750
95.466220
1.000000
<Children>:
1
<Frame>:
6
Lower_Arm_L
<Transform>:
-97.455010
0.000000
0.000000
359.834700
81.857980
0.020025
1.000000
1.000000
1.000000
-0.000975
0.655123
0.001077
0.755521
<TransformMatrix>:
0.141626
0.000350
-0.989920
0.000000
-0.002906
0.999996
-0.000063
0.000000
0.989916
0.002885
0.141627
0.000000
-97.455010
0.000000
0.000000
1.000000
<Children>:
1
<Frame>:
7
Hand_L
<Transform>:
-87.868160
0.000000
0.000000
350.616900
14.586810
14.216840
1.000000
1.000000
1.000000
-0.064849
0.135592
0.132638
0.979702
<TransformMatrix>:
0.928044
0.242306
-0.282883
0.000000
-0.277478
0.956403
-0.091096
0.000000
0.248477
0.163035
0.954819
0.000000
-87.868160
0.000000
0.000000
1.000000
<Children>:
1
<Frame>:
8
Index_Proximal_L
<Transform>:
-41.420090
0.000000
0.000000
359.339400
343.208800
357.811700
1.000000
1.000000
1.000000
-0.002914
-0.146087
-0.019732
0.989071
<TransformMatrix>:
0.956539
-0.038181
0.289096
0.000000
0.039884
0.999204
0.000000
0.000000
-0.288866
0.011530
0.957300
0.000000
-41.420090
0.000000
0.000000
1.000000
<Children>:
0
</Frame>
</Frame>
</Frame>
</Frame>
<Frame>:
9
Upper_Arm_R
<Transform>:
-70.162890
-21.702750
-95.466200
68.521740
224.328700
353.896700
1.000000
1.000000
1.000000
-0.252832
0.753019
-0.504024
-0.339116
<TransformMatrix>:
-0.642154
-0.038929
0.765587
0.000000
-0.722618
0.364073
-0.587600
0.000000
-0.255855
-0.930557
-0.261922
0.000000
-70.162890
-21.702750
-95.466200
1.000000
<Children>:
1
<Frame>:
10
Lower_Arm_R
<Transform>:
-97.455330
0.000000
0.000000
0.113261
300.852900
0.049592
1.000000
1.000000
1.000000
0.000646
-0.493540
0.000864
0.869722
<TransformMatrix>:
0.512834
0.000866
0.858487
0.000000
-0.002141
0.999998
0.000271
0.000000
-0.858485
-0.001977
0.512835
0.000000
-97.455330
0.000000
0.000000
1.000000
<Children>:
1
<Frame>:
11
Hand_R
<Transform>:
-87.868360
0.000000
0.000000
18.245750
8.150145
31.060010
1.000000
1.000000
1.000000
0.171164
0.025259
0.252832
0.951914
<TransformMatrix>:
0.870876
0.489995
0.038462
0.000000
-0.472702
0.813558
0.338639
0.000000
0.134640
-0.313093
0.940130
0.000000
-87.868360
0.000000
0.000000
1.000000
<Children>:
1
<Frame>:
12
Index_Proximal_R
<Transform>:
-41.419210
0.000000
0.000000
0.660679
16.791540
177.811700
1.000000
1.000000
1.000000
0.146090
-0.002915
0.989070
0.019732
<TransformMatrix>:
-0.956537
0.038182
0.289101
0.000000
-0.039885
-0.999204
0.000000
0.000000
0.288871
-0.011531
0.957299
0.000000
-41.419210
0.000000
0.000000
1.000000
<Children>:
0
</Frame>
</Frame>
</Frame>
</Frame>
</Frame>
<Frame>:
13
Upper_Leg_L
<Transform>:
9.164483
-14.981080
-36.731240
19.271870
343.252200
99.061600
1.000000
1.000000
1.000000
-0.001745
-0.219171
0.757847
0.614515
<TransformMatrix>:
-0.244736
0.932182
0.266723
0.000000
-0.930652
-0.148671
-0.334340
0.000000
-0.272012
-0.330051
0.903923
0.000000
9.164483
-14.981080
-36.731240
1.000000
<Children>:
1
<Frame>:
14
Lower_Leg_L
<Transform>:
-61.180250
0.000000
0.000000
331.329300
261.153900
67.232940
1.000000
1.000000
1.000000
-0.541527
-0.523652
0.192300
0.628934
<TransformMatrix>:
0.377620
0.809031
0.450414
0.000000
0.325256
0.339538
-0.882566
0.000000
-0.866956
0.479774
-0.134926
0.000000
-61.180250
0.000000
0.000000
1.000000
<Children>:
1
<Frame>:
15
Foot_L
<Transform>:
-58.150980
0.000000
0.000000
59.103980
148.020800
40.215500
1.000000
1.000000
1.000000
0.415074
0.738574
-0.362852
0.388022
<TransformMatrix>:
-0.354307
0.331537
-0.874386
0.000000
0.894714
0.392106
-0.213871
0.000000
0.271946
-0.858101
-0.435556
0.000000
-58.150980
0.000000
0.000000
1.000000
<Children>:
1
<Frame>:
16
Toes_L
<Transform>:
-42.884980
0.000000
0.000000
359.561300
276.163800
353.333000
1.000000
1.000000
1.000000
0.036002
-0.667098
-0.045821
0.742687
<TransformMatrix>:
0.105761
-0.116095
0.987591
0.000000
0.020027
0.993209
0.114611
0.000000
-0.994190
0.007657
0.107368
0.000000
-42.884980
0.000000
0.000000
1.000000
<Children>:
0
</Frame>
</Frame>
</Frame>
</Frame>
<Frame>:
17
Upper_Reg_R
<Transform>:
9.164041
-14.980910
36.731200
331.496700
12.082220
116.297200
1.000000
1.000000
1.000000
-0.042549
0.261779
0.832378
0.486629
<TransformMatrix>:
-0.522763
0.787842
-0.325612
0.000000
-0.832396
-0.389328
0.394386
0.000000
0.183944
0.477209
0.859323
0.000000
9.164041
-14.980910
36.731200
1.000000
<Children>:
1
<Frame>:
18
Lower_Reg_R
<Transform>:
-61.180700
0.000000
0.000000
26.860320
100.257800
67.394590
1.000000
1.000000
1.000000
0.538039
0.538467
0.197632
0.617664
<TransformMatrix>:
0.341989
0.823573
-0.452516
0.000000
0.335292
0.342912
0.877491
0.000000
0.877852
-0.451817
-0.158866
0.000000
-61.180700
0.000000
0.000000
1.000000
<Children>:
1
<Frame>:
19
Foot_R
<Transform>:
-58.150960
0.000000
0.000000
306.097500
203.780700
27.672590
1.000000
1.000000
1.000000
0.299275
0.824623
0.386716
-0.284397
<TransformMatrix>:
-0.659106
0.273617
0.700510
0.000000
0.713540
0.521770
0.467564
0.000000
-0.237571
0.808016
-0.539138
0.000000
-58.150960
0.000000
0.000000
1.000000
<Children>:
1
<Frame>:
20
Toes_R
<Transform>:
-42.885020
0.000000
0.000000
0.438732
83.836240
173.333000
1.000000
1.000000
1.000000
0.667098
0.036002
0.742687
0.045821
<TransformMatrix>:
-0.105761
0.116095
0.987591
0.000000
-0.020027
-0.993209
0.114611
0.000000
0.994190
-0.007657
0.107368
0.000000
-42.885020
0.000000
0.000000
1.000000
<Children>:
0
</Frame>
</Frame>
</Frame>
</Frame>
</Frame>
<Frame>:
21
RockGolemMesh
<Transform>:
0.000000
0.000000
0.000000
0.000000
0.000000
0.000000
0.010000
0.010000
0.010000
0.000000
0.000000
0.000000
1.000000
<TransformMatrix>:
0.010000
0.000000
0.000000
0.000000
0.000000
0.010000
0.000000
0.000000
0.000000
0.000000
0.010000
0.000000
0.000000
0.000000
0.000000
1.000000
<Mesh>:
610
RockGolemMesh
<Bounds>:
0.000000
216.894900
7.094910
389.232400
216.895100
133.928200
<Positions>:
610
-297.408100
236.389300
73.794680
-349.794600
242.056900
84.337520
-389.232400
239.720200
37.856690
-389.232400
239.720200
37.856690
-325.440700
224.235600
19.084720
-389.232400
239.720200
37.856690
-382.639300
242.943200
-26.880980
-332.810800
238.756200
-51.167970
-300.206300
190.980300
15.005370
-304.407500
201.059500
-29.832280
-266.312200
214.003900
-43.366940
-277.421000
229.463300
-66.032470
-245.171600
205.411500
-5.428467
-273.325100
197.149500
73.692140
-235.542200
210.940900
43.114870
-220.432800
213.876600
-46.477660
-225.165200
236.051600
-66.459230
-214.807100
205.517100
-17.368900
-209.020100
217.061300
19.639770
-184.085300
218.342300
-45.831540
-187.524100
240.028900
-62.678220
-183.168400
210.750900
-18.216670
-136.527100
210.908800
-48.818850
-139.672400
238.764400
-67.624270
-140.252000
201.782300
-14.260250
-93.614880
198.635200
-50.513670
-93.269170
237.767900
-73.377930
-99.457770
189.583100
4.492920
-90.981160
206.012000
34.781620
-135.288300
215.041800
20.417970
-86.268700
227.437300
54.075200
-133.362600
238.326400
34.332640
-179.230600
221.053100
12.958860
-175.343200
241.211100
27.860350
-139.742000
275.512400
30.387080
-203.782300
239.131300
39.873900
-234.684500
237.173300
59.364620
-176.850100
271.316200
28.616090
-140.367000
308.444200
22.402340
-206.404100
270.911800
41.808960
-183.943100
298.335700
18.855220
-159.804200
316.252300
-12.945800
-191.768700
304.041800
-13.543580
-147.468100
310.087200
-46.062010
-216.440900
300.656900
31.013550
-245.391500
269.756700
51.380980
-224.994500
306.033400
-8.107666
-193.418400
299.021600
-42.361940
-256.920600
298.577300
42.361570
-276.244300
227.939900
91.482420
-273.325100
197.149500
73.692140
-235.542200
210.940900
43.114870
-144.322700
277.595400
-64.142820
-113.576600
291.185500
-70.145020
-90.554080
331.174700
-44.943480
-93.269170
237.767900
-73.377930
-139.672400
238.764400
-67.624270
-192.679000
271.596400
-57.990230
-187.524100
240.028900
-62.678220
-230.977500
300.629500
-41.304320
-232.321000
269.971500
-59.530520
-225.165200
236.051600
-66.459230
-266.321700
303.578600
-1.610718
-277.138300
262.885100
-56.025630
-277.421000
229.463300
-66.032470
-272.948600
298.049700
-37.390990
-331.314300
268.488600
-46.773320
-332.810800
238.756200
-51.167970
-336.633400
301.601900
-28.500980
-326.748600
307.581700
19.658080
-305.097400
302.172400
65.315430
-380.747000
270.240500
-22.112790
-382.639300
242.943200
-26.880980
-364.124800
292.669600
-16.896120
-366.580500
295.573200
31.642820
-294.846400
266.592600
70.534670
-345.399400
290.577500
77.356810
-348.860700
272.151500
81.501220
-305.097400
302.172400
65.315430
-297.408100
236.389300
73.794680
-349.794600
242.056900
84.337520
-385.320900
271.480800
37.902950
-389.232400
239.720200
37.856690
-382.639300
242.943200
-26.880980
-349.794600
242.056900
84.337520
-297.408100
236.389300
73.794680
-307.154100
225.264500
87.164430
-332.517900
215.909500
37.121460
-325.440700
224.235600
19.084720
-299.446400
199.640400
70.823730
-273.325100
197.149500
73.692140
-320.140800
193.911700
35.764890
-273.325100
197.149500
73.692140
-300.206300
190.980300
15.005370
-300.206300
190.980300
15.005370
-325.440700
224.235600
19.084720
-59.762380
129.050800
-30.079350
-60.987790
135.894600
-59.185550
-39.552560
149.790800
-77.923830
-59.762380
129.050800
-30.079350
-35.147460
145.168600
-66.041750
-9.732012
155.740900
-82.134520
5.428440
145.469200
-72.530270
-9.326130
188.729400
-108.935100
0.000000
195.472000
-77.663570
-43.000120
184.187800
-107.700700
-8.920249
219.256400
-111.694300
0.000000
236.546200
-106.494400
-42.641310
219.307800
-115.738800
-41.561480
236.562000
-100.401600
-69.459820
174.464200
-87.177000
-60.987790
135.894600
-59.185550
-72.428340
178.841500
-52.183350
-70.539140
232.446800
-90.631350
-66.343970
216.070800
-102.239000
-72.428340
178.841500
-52.183350
-59.762380
129.050800
-30.079350
-67.039560
130.514100
4.955322
-81.048710
167.557300
14.191770
-64.803840
175.459400
70.771120
-52.807130
119.880900
43.093510
-99.457770
189.583100
4.492920
-93.614880
198.635200
-50.513670
-93.269170
237.767900
-73.377930
-70.539140
232.446800
-90.631350
-90.981160
206.012000
34.781620
-26.734950
129.502400
72.783570
-32.718120
109.058600
57.142580
-71.822020
239.057300
89.927730
-86.268700
227.437300
54.075200
-36.506470
164.419300
85.234990
-37.115710
199.625200
89.697880
0.000000
185.855700
99.914060
0.000000
121.359500
78.971070
0.000000
98.787600
48.821530
32.718120
109.058600
57.142580
0.000000
160.055300
94.814580
26.734950
129.502400
72.783570
52.807130
119.880900
43.093510
36.506470
164.419300
85.234990
37.115710
199.625200
89.697880
66.614990
237.508500
94.625850
64.803840
175.459400
70.771120
67.039560
130.514100
4.955322
81.048710
167.557300
14.191770
99.457770
189.583100
4.492920
91.767590
192.397700
27.468990
-115.177500
0.000214
-6.607178
-98.565480
0.000214
-46.783940
-68.573080
-0.000092
-61.863280
-34.835740
-0.000214
-54.198000
-23.817560
-0.000214
-6.041626
-103.549600
0.000214
36.708370
-68.573080
-0.000092
61.280760
-34.835740
-0.000214
49.189940
-15.440230
63.190000
9.709351
0.000000
98.787600
-26.144040
0.000000
88.377530
11.338750
-22.748700
63.190000
-31.243530
-23.817560
-0.000214
-6.041626
-34.835740
-0.000214
-54.198000
-68.573080
-0.000092
-61.863280
-55.559310
63.190160
-36.989380
-39.557340
113.333200
-43.176270
-98.565480
0.000214
-46.783940
-81.597400
63.190460
-26.296510
-59.762380
129.050800
-30.079350
-115.177500
0.000214
-6.607178
-96.208000
63.190460
0.959351
-67.039560
130.514100
4.955322
-52.807130
119.880900
43.093510
-85.292980
63.190460
40.787840
-103.549600
0.000214
36.708370
-68.573080
-0.000092
61.280760
-55.559310
63.190160
61.300170
-32.718120
109.058600
57.142580
-34.835740
-0.000214
49.189940
-22.748700
63.190000
50.662230
-23.817560
-0.000214
-6.041626
0.000000
98.787600
48.821530
-15.440230
63.190000
9.709351
0.000000
88.377530
11.338750
-71.822020
239.057300
89.927730
-46.884900
297.747600
105.773700
-60.495160
291.546200
91.690430
-49.852120
236.495500
101.955100
-37.115710
199.625200
89.697880
-39.493500
293.666800
117.431900
-28.636560
211.675600
106.774200
-22.032520
300.273200
132.924800
0.000000
185.855700
99.914060
0.000000
300.694100
141.023100
-0.000001
199.763100
117.206100
28.636560
211.675600
106.774200
22.032520
300.273200
132.924800
37.115710
199.625200
89.697880
39.493500
293.666800
117.431900
49.852120
236.495500
101.955100
66.614990
237.508500
94.625850
46.884900
297.747600
105.773700
60.495160
291.546200
91.690430
-40.257970
393.281100
65.404050
-20.394560
391.686800
99.230710
-16.700070
395.827500
75.922610
0.000000
372.463200
73.527710
0.000000
360.573600
113.350300
-30.870830
357.023100
54.460820
-40.257970
393.281100
65.404050
-77.748090
338.959900
61.841190
-78.737000
374.652900
68.895510
-40.330580
386.386300
95.126460
0.000000
360.573600
113.350300
-72.835140
372.299500
86.280640
-68.771090
343.312000
96.596680
-77.748090
338.959900
61.841190
-60.495160
291.546200
91.690430
-46.884900
297.747600
105.773700
-29.309740
357.887200
111.863300
-22.032520
304.034200
120.573500
0.000001
304.854800
125.671300
22.032520
304.034200
120.573500
29.309740
357.887200
111.863300
46.884900
297.747600
105.773700
40.330580
386.386300
95.126460
20.394560
391.686800
99.230710
68.771090
343.312000
96.596680
60.495160
291.546200
91.690430
77.748090
338.959900
61.841190
78.737000
374.652900
68.895510
72.835140
372.299500
86.280640
40.257970
393.281100
65.404050
77.748090
338.959900
61.841190
30.870830
357.023100
54.460820
16.700070
395.827500
75.922610
40.257970
393.281100
65.404050
0.000000
372.463200
73.527710
0.000000
360.573600
113.350300
-46.884900
297.747600
105.773700
-39.493500
293.666800
117.431900
-22.032520
300.273200
132.924800
-22.032520
304.034200
120.573500
0.000000
300.694100
141.023100
0.000001
304.854800
125.671300
22.032520
304.034200
120.573500
22.032520
300.273200
132.924800
46.884900
297.747600
105.773700
39.493500
293.666800
117.431900
380.747000
270.240500
-22.112790
389.232400
239.720200
37.856690
382.639300
242.943200
-26.880980
385.320900
271.480800
37.902950
366.580500
295.573200
31.642820
348.860700
272.151500
81.501220
349.794600
242.056900
84.337520
297.408100
236.389300
73.794680
325.440700
224.235600
19.084720
364.124800
292.669600
-16.896120
331.314300
268.488600
-46.773320
332.810800
238.756200
-51.167970
382.639300
242.943200
-26.880980
277.421000
229.463300
-66.032470
336.633400
301.601900
-28.500980
277.138300
262.885100
-56.025630
225.165200
236.051600
-66.459230
232.321000
269.971500
-59.530520
187.524100
240.028900
-62.678220
272.948600
298.049700
-37.390990
326.748600
307.581700
19.658080
192.679000
271.596400
-57.990230
139.672400
238.764400
-67.624270
230.977500
300.629500
-41.304320
144.322700
277.595400
-64.142820
101.130600
237.767900
-73.377930
90.199420
284.704200
-72.238280
193.418400
299.021600
-42.361940
156.192700
304.828700
-43.945310
266.321700
303.578600
-1.610718
345.399400
290.577500
77.356810
305.097400
302.172400
65.315430
305.097400
302.172400
65.315430
191.768700
304.041800
-13.543580
149.841700
316.252300
-12.945800
224.994500
306.033400
-8.107666
294.846400
266.592600
70.534670
349.794600
242.056900
84.337520
297.408100
236.389300
73.794680
245.391500
269.756700
51.380980
256.920600
298.577300
42.361570
216.440900
300.656900
31.013550
183.943100
298.335700
18.855220
206.404100
270.911800
41.808960
176.850100
271.316200
28.616090
140.367000
308.444200
22.402340
134.167700
275.952500
34.087890
175.343200
241.211100
27.860350
139.982600
239.132800
27.866940
203.782300
239.131300
39.873900
234.684500
237.173300
59.364620
179.230600
221.053100
12.958860
135.288300
215.041800
20.417970
209.020100
217.061300
19.639770
235.542200
210.940900
43.114870
273.325100
197.149500
73.692140
276.244300
227.939900
91.482420
297.408100
236.389300
73.794680
183.168400
210.750900
-18.216670
214.807100
205.517100
-17.368900
140.252000
201.782300
-14.260250
91.767590
192.397700
27.468990
99.457770
189.583100
4.492920
93.614880
198.635200
-50.513670
245.171600
205.411500
-5.428467
235.542200
210.940900
43.114870
273.325100
197.149500
73.692140
300.206300
190.980300
15.005370
266.312200
214.003900
-43.366940
220.432800
213.876600
-46.477660
184.085300
218.342300
-45.831540
136.527100
210.908800
-48.818850
139.672400
238.764400
-67.624270
101.130600
237.767900
-73.377930
187.524100
240.028900
-62.678220
225.165200
236.051600
-66.459230
277.421000
229.463300
-66.032470
332.810800
238.756200
-51.167970
304.407500
201.059500
-29.832280
325.440700
224.235600
19.084720
382.639300
242.943200
-26.880980
389.232400
239.720200
37.856690
115.177500
0.000214
-6.607178
68.573080
-0.000092
-61.863280
98.565480
0.000214
-46.783940
34.835740
-0.000214
-54.198000
23.817560
-0.000214
-6.041626
103.549600
0.000214
36.708370
68.573080
-0.000092
61.280760
34.835740
-0.000214
49.189940
15.440230
63.190000
9.709351
0.000000
88.377530
11.338750
0.000000
98.787600
-26.144040
22.748700
63.190000
-31.243530
23.817560
-0.000214
-6.041626
34.835740
-0.000214
-54.198000
68.573080
-0.000092
-61.863280
55.559310
63.190160
-36.989380
39.557340
113.333200
-43.176270
98.565480
0.000214
-46.783940
81.597400
63.190460
-26.296510
59.762380
129.050800
-30.079350
115.177500
0.000214
-6.607178
96.208000
63.190460
0.959351
67.039560
130.514100
4.955322
52.807130
119.880900
43.093510
85.292980
63.190460
40.787840
103.549600
0.000214
36.708370
68.573080
-0.000092
61.280760
55.559310
63.190160
61.300170
32.718120
109.058600
57.142580
34.835740
-0.000214
49.189940
22.748700
63.190000
50.662230
23.817560
-0.000214
-6.041626
0.000000
98.787600
48.821530
15.440230
63.190000
9.709351
0.000000
88.377530
11.338750
78.010990
263.189200
-105.787100
88.509080
284.339900
-89.115480
98.663250
236.376200
-86.291750
101.130600
237.767900
-73.377930
90.199420
284.704200
-72.238280
93.614880
198.635200
-50.513670
73.064070
297.269300
-94.900630
65.478790
308.697600
-84.115720
78.010990
263.189200
-105.787100
92.033730
198.687500
-66.849370
72.428340
178.841500
-52.183350
74.520230
181.550900
-74.667240
40.758570
176.086800
-70.774900
46.618870
237.664900
-120.817900
45.917020
179.814000
-84.043950
0.000000
195.472000
-77.663570
8.891829
198.115700
-90.974850
0.000000
236.546200
-106.494400
8.362549
230.407100
-115.477800
41.561480
243.847300
-100.401600
46.618870
237.664900
-120.817900
70.539140
266.268100
-90.631350
78.010990
263.189200
-105.787100
65.478790
308.697600
-84.115720
78.010990
263.189200
-105.787100
73.064070
297.269300
-94.900630
99.457770
189.583100
4.492920
72.428340
178.841500
-52.183350
93.614880
198.635200
-50.513670
81.048710
167.557300
14.191770
67.039560
130.514100
4.955322
59.762380
129.050800
-30.079350
35.147460
145.168600
-66.041750
40.758570
176.086800
-70.774900
29.155520
121.073000
-54.946290
0.000000
113.338900
-59.011960
39.557340
113.333200
-43.176270
0.000000
98.787600
-26.144040
-39.557340
113.333200
-43.176270
5.428440
145.469200
-72.530270
0.000000
195.472000
-77.663570
-35.147460
145.168600
-66.041750
-29.155520
121.073000
-54.946290
-59.762380
129.050800
-30.079350
300.206300
190.980300
15.005370
325.440700
224.235600
19.084720
332.517900
215.909500
37.121460
320.140800
193.911700
35.764890
307.154100
225.264500
87.164430
325.440700
224.235600
19.084720
299.446400
199.640400
70.823730
273.325100
197.149500
73.692140
273.325100
197.149500
73.692140
300.206300
190.980300
15.005370
89.407200
281.455600
53.757810
110.106000
292.415100
77.221190
80.890740
300.270600
87.498290
134.167700
275.952500
34.087890
128.856900
291.782600
49.920650
140.367000
308.444200
22.402340
133.337700
315.267500
41.474490
93.954170
333.068500
35.948490
118.281000
331.674200
60.241820
77.748090
338.959900
61.841190
93.361090
334.541000
65.923460
80.890740
300.270600
87.498290
60.495160
291.546200
91.690430
80.890740
300.270600
87.498290
-106.424300
345.217300
-3.338745
-113.893200
351.871300
33.786500
-93.954170
333.068500
35.948490
-121.893800
360.793900
-3.289429
-90.554080
331.174700
-44.943480
-156.178800
349.556000
-12.655640
-141.103300
338.997300
23.807010
-108.215600
352.505800
-42.138060
-147.468100
310.087200
-46.062010
-142.304600
345.265800
-41.065800
-159.804200
316.252300
-12.945800
-140.367000
308.444200
22.402340
-93.954170
333.068500
35.948490
-113.893200
351.871300
33.786500
106.424300
345.217300
-3.338745
114.164200
353.290700
-22.392940
103.287300
337.611400
-69.836430
149.841700
316.252300
-12.945800
150.239000
329.224300
-30.375120
156.192700
304.828700
-43.945310
103.287300
337.611400
-69.836430
155.464400
316.097600
-70.248540
144.322700
277.595400
-64.142820
142.599300
291.613300
-80.760500
90.199420
284.704200
-72.238280
101.531900
295.158100
-96.792240
65.478790
308.697600
-84.115720
84.761990
314.924000
-94.156490
64.323550
358.235500
-63.537350
83.802140
356.084000
-77.058110
90.554080
331.174700
-44.943480
103.287300
337.611400
-69.836430
-33.935400
319.589300
-93.300290
-42.294840
371.401600
-88.315670
-31.338100
372.111700
-62.745360
-44.409940
318.467900
-116.104700
-4.506633
321.282400
-101.482200
-74.146900
358.752300
-86.495120
-15.269630
316.639600
-123.836700
0.000000
236.546200
-106.494400
-9.962270
253.786700
-126.833300
-41.561480
236.562000
-100.401600
-50.136810
253.826100
-121.595900
-70.539140
232.446800
-90.631350
-75.107020
315.332700
-105.357400
-78.556270
248.717400
-111.545200
-93.269170
237.767900
-73.377930
-93.239160
253.572100
-95.805660
-113.576600
291.185500
-70.145020
-105.654100
299.937700
-91.301510
-90.554080
331.174700
-44.943480
-87.760930
335.265900
-68.740480
-64.323550
358.235500
-63.537350
-31.338100
372.111700
-62.745360
-42.294840
371.401600
-88.315670
-33.935400
319.589300
-93.300290
-26.505650
337.123200
-111.111100
7.287303
336.241900
-118.219200
-31.338100
372.111700
-62.745360
-21.743870
373.752600
-89.067380
0.000000
377.801200
-71.133300
7.287303
336.241900
-118.219200
-4.506633
321.282400
-101.482200
2.948607
387.660000
-92.133060
31.338100
372.111700
-62.745360
34.741500
380.349300
-85.334470
64.323550
358.235500
-63.537350
6.436107
265.588600
-124.795900
0.000000
236.546200
-106.494400
62.430480
360.341500
-86.268800
65.478790
308.697600
-84.115720
36.599120
325.079000
-112.533700
42.785980
266.365900
-119.276100
41.561480
243.847300
-100.401600
63.838420
315.670300
-104.386700
70.539140
266.268100
-90.631350
68.535860
280.159500
-110.658700
140.367000
308.444200
22.402340
110.228200
342.829200
37.052490
93.954170
333.068500
35.948490
146.863400
335.179900
25.134640
183.943100
298.335700
18.855220
154.712300
341.648200
-4.147949
120.558500
352.893300
4.506592
181.148600
316.280200
21.500000
191.768700
304.041800
-13.543580
187.631400
321.007200
-5.339355
187.631400
321.007200
-5.339355
149.841700
316.252300
-12.945800
191.768700
304.041800
-13.543580
106.424300
345.217300
-3.338745
93.954170
333.068500
35.948490
110.228200
342.829200
37.052490
-31.338100
372.111700
-62.745360
0.000000
417.175000
-56.829100
0.000000
377.801200
-71.133300
31.338100
372.111700
-62.745360
-19.208130
412.803300
-45.508790
-30.145920
384.706500
-1.117798
-22.932140
422.480900
-2.549438
-30.870830
357.023100
54.460820
-20.045340
401.209400
33.579350
0.000000
372.463200
73.527710
0.000000
433.790100
-1.180664
19.208130
412.803300
-45.508790
30.145920
384.706500
-1.117798
22.932140
422.480900
-2.549438
30.870830
357.023100
54.460820
20.045340
401.209400
33.579350
0.000000
407.684200
49.219480
139.982600
239.132800
27.866940
134.095200
217.113800
42.704350
135.288300
215.041800
20.417970
141.419500
235.343400
44.329830
134.167700
275.952500
34.087890
113.750900
194.430600
58.107420
91.767590
192.397700
27.468990
134.923400
268.208700
51.954220
89.407200
281.455600
53.757810
114.045600
276.003800
80.788820
60.495160
291.546200
91.690430
118.732500
234.002000
79.551640
80.325460
282.394800
93.798950
66.614990
237.508500
94.625850
84.030020
236.145100
97.424680
64.803840
175.459400
70.771120
86.825970
193.069300
77.235230
-86.268700
227.437300
54.075200
-132.354600
246.722000
47.425540
-133.362600
238.326400
34.332640
-108.262000
240.317700
76.370970
-71.822020
239.057300
89.927730
-138.365500
278.355900
43.607540
-139.742000
275.512400
30.387080
-85.451230
248.167400
89.749150
-60.495160
291.546200
91.690430
-75.874260
291.676400
91.515870
-77.748090
338.959900
61.841190
-115.198800
291.833700
80.102660
-87.305690
330.976700
70.465940
-93.954170
333.068500
35.948490
-109.088600
326.988400
61.305660
-140.367000
308.444200
22.402340
-138.515700
307.466300
36.980710
30.145920
384.706500
-1.117798
30.870830
357.023100
54.460820
46.846260
386.052200
49.657590
39.505720
408.115500
3.387085
31.338100
372.111700
-62.745360
86.165510
370.951200
53.898320
77.748090
338.959900
61.841190
48.855590
398.847600
-50.862060
64.323550
358.235500
-63.537350
80.412040
405.560000
10.678590
76.235470
386.840100
-54.833010
90.554080
331.174700
-44.943480
101.626400
357.340400
32.256840
93.954170
333.068500
35.948490
110.438000
371.176600
-2.035767
106.424300
345.217300
-3.338745
98.360860
364.576800
-38.131100
-30.145920
384.706500
-1.117798
-46.846260
386.052200
49.657590
-30.870830
357.023100
54.460820
-39.505720
408.115500
3.387085
-31.338100
372.111700
-62.745360
-86.165510
370.951200
53.898320
-77.748090
338.959900
61.841190
-48.855590
398.847600
-50.862060
-64.323550
358.235500
-63.537350
-80.412040
405.560000
10.678590
-76.235470
386.840100
-54.833010
-90.554080
331.174700
-44.943480
-101.626400
357.340400
32.256840
-93.954170
333.068500
35.948490
-110.438000
371.176600
-2.035767
-106.424300
345.217300
-3.338745
-98.360860
364.576800
-38.131100
<Colors>:
0
<Normals>:
610
-0.038720
0.358528
0.932716
-0.321309
-0.375784
0.869222
-0.747177
-0.623183
0.231018
-0.747177
-0.623183
0.231018
-0.768997
-0.628742
-0.115441
-0.747177
-0.623183
0.231018
-0.781955
-0.332970
-0.526951
-0.484106
-0.486383
-0.727374
-0.267824
-0.949412
-0.163972
-0.303242
-0.837754
-0.454106
0.006444
-0.859320
-0.511398
-0.118591
-0.286514
-0.950708
0.207463
-0.972433
-0.106456
0.250872
-0.797032
0.549365
0.493677
-0.765287
0.413061
0.060512
-0.859064
-0.508278
0.035284
-0.269808
-0.962268
0.121252
-0.992424
-0.019834
0.323480
-0.822277
0.468210
-0.038488
-0.826176
-0.562097
-0.034370
-0.258965
-0.965275
-0.041493
-0.998783
0.026646
-0.179106
-0.805356
-0.565087
-0.143390
-0.261507
-0.954491
-0.260994
-0.961542
0.085548
-0.446892
-0.717123
-0.534810
-0.524145
-0.433183
-0.733229
-0.596493
-0.795401
0.107394
-0.665211
-0.520592
0.535236
-0.303971
-0.719040
0.624967
-0.522396
-0.668621
0.529196
-0.493884
-0.483794
0.722511
-0.007768
-0.808154
0.588920
0.058847
-0.305664
0.950319
-0.700711
0.047404
0.711869
0.435949
-0.282149
0.854599
0.501014
-0.042427
0.864399
0.098458
0.179010
0.978908
-0.666869
0.437251
0.603405
0.343105
0.240713
0.907930
0.002655
0.751386
0.659858
-0.782565
0.620662
0.048694
-0.115698
0.993249
0.008381
-0.387173
0.518571
-0.762352
0.186567
0.797484
0.573770
0.306236
0.317700
0.897377
0.007585
0.999883
-0.013271
-0.129169
0.801063
-0.584477
0.197540
0.789794
0.580692
0.188266
0.175903
0.966237
0.250872
-0.797032
0.549365
0.493677
-0.765287
0.413061
-0.183302
0.296270
-0.937350
-0.708389
0.227228
-0.668246
-0.595331
0.534137
-0.600232
-0.524145
-0.433183
-0.733229
-0.143390
-0.261507
-0.954491
-0.068786
0.319393
-0.945123
-0.034370
-0.258965
-0.965275
-0.046086
0.823660
-0.565209
-0.035895
0.359496
-0.932456
0.035284
-0.269808
-0.962268
0.006017
0.999809
-0.018594
-0.121118
0.359729
-0.925162
-0.118591
-0.286514
-0.950708
-0.077690
0.821844
-0.564390
-0.287065
0.328810
-0.899710
-0.484106
-0.486383
-0.727374
-0.230779
0.810386
-0.538531
-0.104034
0.994324
0.022275
0.146877
0.749620
0.645365
-0.758203
0.374468
-0.533762
-0.781955
-0.332970
-0.526951
-0.573212
0.739775
-0.352364
-0.557526
0.815965
0.152861
0.292505
0.168983
0.941215
-0.293599
0.673262
0.678615
-0.315095
0.257882
0.913352
0.146877
0.749620
0.645365
-0.038720
0.358528
0.932716
-0.321309
-0.375784
0.869222
-0.896780
0.354139
0.265278
-0.747177
-0.623183
0.231018
-0.781955
-0.332970
-0.526951
-0.321309
-0.375784
0.869222
-0.038720
0.358528
0.932716
-0.596037
0.228483
0.769764
-0.998175
-0.011136
0.059355
-0.768997
-0.628742
-0.115441
-0.340696
-0.705175
0.621815
0.250872
-0.797032
0.549365
-0.667776
-0.733048
0.129288
0.250872
-0.797032
0.549365
-0.267824
-0.949412
-0.163972
-0.267824
-0.949412
-0.163972
-0.768997
-0.628742
-0.115441
-0.790222
-0.321504
-0.521713
-0.433602
-0.776893
-0.456538
0.023808
-0.808276
-0.588322
-0.790222
-0.321504
-0.521713
-0.124468
-0.750880
-0.648604
0.390019
-0.658749
-0.643378
0.260500
-0.457661
-0.850110
0.568168
-0.337733
-0.750415
0.262783
-0.535583
-0.802556
-0.186424
-0.439207
-0.878831
0.395815
0.079800
-0.914856
-0.006872
-0.092087
-0.995727
-0.230331
0.191162
-0.954152
-0.193943
-0.167233
-0.966654
-0.801843
-0.311993
-0.509615
-0.433602
-0.776893
-0.456538
-0.885733
-0.383791
-0.261116
-0.646584
-0.374465
-0.664608
-0.738549
0.115168
-0.664291
-0.885733
-0.383791
-0.261116
-0.790222
-0.321504
-0.521713
-0.999305
0.020472
0.031147
-0.882294
-0.465922
0.066892
-0.752418
-0.352511
0.556420
-0.775414
-0.098390
0.623741
-0.596493
-0.795401
0.107394
-0.446892
-0.717123
-0.534810
-0.524145
-0.433183
-0.733229
-0.646584
-0.374465
-0.664608
-0.665211
-0.520592
0.535236
-0.442476
-0.478658
0.758354
-0.316648
-0.240555
0.917533
-0.493270
-0.322486
0.807891
-0.522396
-0.668621
0.529196
-0.394785
-0.308879
0.865297
-0.435197
-0.382245
0.815164
0.000000
-0.462010
0.886875
0.000000
-0.567987
0.823038
0.000000
-0.588648
0.808389
0.316648
-0.240555
0.917533
0.000000
-0.277995
0.960583
0.442476
-0.478658
0.758354
0.775414
-0.098390
0.623741
0.389294
-0.315283
0.865475
0.422393
-0.387606
0.819357
0.277736
-0.216818
0.935870
0.568934
-0.558111
0.604009
0.999305
0.020472
0.031147
0.868900
-0.491893
0.055258
0.587126
-0.807230
0.060515
0.560729
-0.815103
0.145568
0.000000
-1.000000
0.000000
0.000000
-1.000000
0.000000
0.000000
-1.000000
0.000000
0.000000
-1.000000
0.000000
0.000000
-1.000000
0.000000
0.000000
-1.000000
0.000000
0.000000
-1.000000
0.000000
0.000000
-1.000000
0.000000
0.939735
-0.341880
-0.004050
0.000000
-0.692429
-0.721486
0.000000
-1.000000
0.000802
0.708356
-0.134025
-0.693015
0.989866
-0.141761
-0.008389
0.710339
0.133470
-0.691090
-0.103027
0.369232
-0.923609
-0.098416
0.172663
-0.980052
-0.291776
-0.386041
-0.875123
-0.655667
0.381954
-0.651316
-0.689297
0.303272
-0.657948
-0.790222
-0.321504
-0.521713
-0.948074
0.308880
-0.075817
-0.935168
0.352475
-0.034967
-0.999305
0.020472
0.031147
-0.775414
-0.098390
0.623741
-0.758590
0.281130
0.587799
-0.799279
0.194702
0.568546
-0.138281
0.021918
0.990151
-0.135112
0.069125
0.988416
-0.316648
-0.240555
0.917533
0.744133
-0.148247
0.651374
0.706448
-0.254137
0.660564
0.989866
-0.141761
-0.008389
0.000000
-0.588648
0.808389
0.939735
-0.341880
-0.004050
0.000000
-1.000000
0.000802
-0.493270
-0.322486
0.807891
-0.714513
-0.027225
0.699092
-0.404832
0.103635
0.908499
-0.648477
-0.145587
0.747183
-0.435197
-0.382245
0.815164
-0.702717
-0.087606
0.706055
-0.487898
-0.381944
0.784904
-0.451950
-0.201210
0.869054
0.000000
-0.462010
0.886875
0.000000
-0.241560
0.970386
0.000000
-0.505157
0.863027
0.481011
-0.381137
0.789533
0.451950
-0.201210
0.869054
0.422393
-0.387606
0.819357
0.702717
-0.087606
0.706055
0.639041
-0.144053
0.755563
0.277736
-0.216818
0.935870
0.711590
-0.026113
0.702110
0.424920
0.140706
0.894228
-0.180839
0.846454
-0.500812
0.167437
0.819234
0.548472
0.424463
0.876209
-0.228230
0.000000
0.999658
-0.026144
0.000000
0.481670
0.876353
-0.265009
0.957824
0.111099
-0.180839
0.846454
-0.500812
-0.741888
0.373690
0.556738
-0.817457
0.526663
-0.233218
-0.346398
0.709189
0.614052
0.000000
0.481670
0.876353
-0.712465
0.444542
0.542933
-0.732698
0.024831
0.680102
-0.741888
0.373690
0.556738
-0.404832
0.103635
0.908499
-0.714513
-0.027225
0.699092
-0.291229
0.228079
0.929067
-0.288971
0.108100
0.951215
0.000000
0.179623
0.983736
0.288971
0.108100
0.951215
0.291229
0.228079
0.929067
0.711590
-0.026113
0.702110
0.346398
0.709189
0.614051
-0.167437
0.819234
0.548472
0.732698
0.024831
0.680101
0.424920
0.140706
0.894228
0.739893
0.407673
0.535127
0.817457
0.526663
-0.233218
0.712465
0.444542
0.542933
0.180839
0.846454
-0.500812
0.739893
0.407673
0.535127
0.265009
0.957824
0.111099
-0.424463
0.876209
-0.228230
0.180839
0.846454
-0.500812
0.000000
0.999658
-0.026144
0.000000
0.481670
0.876353
-0.519513
0.752075
0.405573
-0.519513
0.752075
0.405573
-0.323485
0.879310
0.349529
-0.323485
0.879311
0.349529
0.000000
0.961465
0.274929
0.000000
0.961465
0.274929
0.323485
0.879310
0.349529
0.323485
0.879310
0.349529
0.519513
0.752075
0.405573
0.519513
0.752075
0.405573
0.758203
0.374468
-0.533762
0.747177
-0.623183
0.231018
0.781955
-0.332971
-0.526951
0.896780
0.354139
0.265278
0.557526
0.815965
0.152861
0.315095
0.257882
0.913352
0.321309
-0.375784
0.869222
0.038720
0.358528
0.932716
0.768997
-0.628742
-0.115441
0.573212
0.739775
-0.352364
0.287065
0.328810
-0.899710
0.484106
-0.486383
-0.727374
0.781955
-0.332971
-0.526951
0.118591
-0.286514
-0.950708
0.230779
0.810386
-0.538531
0.121118
0.359729
-0.925162
-0.035284
-0.269808
-0.962268
0.035895
0.359496
-0.932456
0.034370
-0.258965
-0.965275
0.077690
0.821844
-0.564390
0.104034
0.994324
0.022275
0.058062
0.332061
-0.941469
0.147084
-0.256874
-0.955187
0.046086
0.823660
-0.565209
0.357596
-0.126541
-0.925263
0.720081
-0.167115
-0.673466
0.497215
-0.213262
-0.841010
0.094106
0.811061
-0.577342
0.787989
0.483775
-0.380836
-0.006017
0.999809
-0.018594
0.293599
0.673262
0.678615
-0.146877
0.749620
0.645366
-0.146877
0.749620
0.645366
0.320827
0.912755
-0.252879
0.543504
0.732025
-0.410783
-0.007585
0.999883
-0.013271
-0.292505
0.168983
0.941215
0.321309
-0.375784
0.869222
0.038720
0.358528
0.932716
-0.306236
0.317700
0.897377
-0.197540
0.789794
0.580692
-0.186567
0.797484
0.573770
0.198560
0.458741
0.866101
-0.343105
0.240713
0.907929
-0.092957
0.150395
0.984246
0.495172
0.217595
0.841105
0.677132
0.111849
0.727312
-0.100259
-0.322202
0.941347
0.749619
-0.189642
0.634119
-0.435949
-0.282149
0.854599
-0.501014
-0.042427
0.864399
-0.017478
-0.795936
0.605129
0.536864
-0.776174
0.330651
-0.323480
-0.822278
0.468210
-0.493676
-0.765287
0.413061
-0.250873
-0.797032
0.549366
-0.188266
0.175903
0.966237
0.038720
0.358528
0.932716
0.041493
-0.998783
0.026646
-0.121252
-0.992424
-0.019834
0.276838
-0.959419
0.053620
0.560729
-0.815103
0.145568
0.587126
-0.807230
0.060515
0.622231
-0.713972
-0.321049
-0.207463
-0.972433
-0.106456
-0.493676
-0.765287
0.413061
-0.250873
-0.797032
0.549366
0.267824
-0.949412
-0.163972
-0.006444
-0.859320
-0.511398
-0.060512
-0.859064
-0.508278
0.038488
-0.826176
-0.562097
0.182875
-0.807311
-0.561075
0.147084
-0.256874
-0.955187
0.720081
-0.167115
-0.673466
0.034370
-0.258965
-0.965275
-0.035284
-0.269808
-0.962268
0.118591
-0.286514
-0.950708
0.484106
-0.486383
-0.727374
0.303242
-0.837754
-0.454106
0.768997
-0.628742
-0.115441
0.781955
-0.332971
-0.526951
0.747177
-0.623183
0.231018
0.000000
-1.000000
0.000000
0.000000
-1.000000
0.000000
0.000000
-1.000000
0.000000
0.000000
-1.000000
0.000000
0.000000
-1.000000
0.000000
0.000000
-1.000000
0.000000
0.000000
-1.000000
0.000000
0.000000
-1.000000
0.000000
-0.939735
-0.341880
-0.004050
0.000000
-1.000000
0.000802
0.000000
-0.692429
-0.721486
-0.708356
-0.134025
-0.693015
-0.989866
-0.141761
-0.008389
-0.710339
0.133470
-0.691090
0.103027
0.369232
-0.923609
0.098416
0.172663
-0.980052
0.291776
-0.386041
-0.875123
0.655667
0.381954
-0.651316
0.689297
0.303272
-0.657948
0.775781
-0.147946
-0.613413
0.948074
0.308880
-0.075817
0.935168
0.352475
-0.034967
0.999305
0.020472
0.031147
0.775414
-0.098390
0.623741
0.758590
0.281130
0.587799
0.799279
0.194702
0.568546
0.138281
0.021918
0.990151
0.135112
0.069125
0.988416
0.316648
-0.240555
0.917533
-0.744133
-0.148247
0.651374
-0.706448
-0.254137
0.660564
-0.989866
-0.141761
-0.008389
0.000000
-0.588648
0.808389
-0.939735
-0.341880
-0.004050
0.000000
-1.000000
0.000802
0.119645
0.065241
-0.990671
0.865639
0.385793
-0.319114
0.890174
-0.042207
-0.453663
0.720081
-0.167115
-0.673466
0.497215
-0.213262
-0.841010
0.622231
-0.713972
-0.321049
0.411525
0.561021
-0.718263
0.353237
0.227446
-0.907465
0.119645
0.065241
-0.990671
0.771812
-0.526006
-0.357245
0.679274
-0.675135
-0.287713
0.500376
-0.716667
-0.485811
0.165234
-0.735362
-0.657222
-0.111319
0.283279
-0.952555
0.067201
-0.817045
-0.572644
0.262783
-0.535583
-0.802556
-0.439820
-0.669500
-0.598605
-0.006872
-0.092087
-0.995727
-0.488751
-0.008615
-0.872381
-0.043972
0.207203
-0.977309
-0.111319
0.283279
-0.952555
0.109826
0.240013
-0.964537
0.119645
0.065241
-0.990671
0.353237
0.227446
-0.907465
0.119645
0.065241
-0.990671
0.411525
0.561021
-0.718263
0.587126
-0.807230
0.060515
0.679274
-0.675135
-0.287713
0.622231
-0.713972
-0.321049
0.868900
-0.491893
0.055258
0.999305
0.020472
0.031147
0.775781
-0.147946
-0.613413
0.413010
-0.332913
-0.847698
0.165234
-0.735362
-0.657222
0.361115
-0.587467
-0.724209
0.000000
-0.677398
-0.735617
0.291776
-0.386041
-0.875123
0.000000
-0.692429
-0.721486
-0.291776
-0.386041
-0.875123
0.260500
-0.457661
-0.850110
0.262783
-0.535583
-0.802556
-0.124468
-0.750880
-0.648604
-0.361115
-0.587467
-0.724209
-0.790222
-0.321504
-0.521713
0.267824
-0.949412
-0.163972
0.768997
-0.628742
-0.115441
0.998175
-0.011136
0.059355
0.667776
-0.733048
0.129288
0.596037
0.228483
0.769764
0.768997
-0.628742
-0.115441
0.340696
-0.705175
0.621815
-0.250873
-0.797032
0.549366
-0.250873
-0.797032
0.549366
0.267824
-0.949412
-0.163972
0.652907
0.145422
0.743347
0.500355
-0.397825
0.769013
0.190334
0.030571
0.981243
0.677132
0.111849
0.727312
0.777850
-0.317499
0.542350
0.495172
0.217595
0.841105
0.892813
0.361091
0.269255
0.623454
0.645051
0.441832
0.599770
0.728350
0.331334
0.739893
0.407673
0.535127
0.172378
0.741034
0.648965
0.190334
0.030571
0.981243
0.424920
0.140706
0.894228
0.190334
0.030571
0.981243
-0.450531
0.890697
-0.060665
0.000427
0.737446
0.675406
-0.626542
0.586232
0.513592
0.241796
0.968546
0.058769
-0.595331
0.534137
-0.600232
-0.803324
0.594128
0.041014
-0.639781
0.305839
0.705084
0.226092
0.807177
-0.545297
-0.387173
0.518571
-0.762352
-0.490937
0.512957
-0.704171
-0.782565
0.620662
0.048694
-0.666869
0.437251
0.603405
-0.626542
0.586232
0.513592
0.000427
0.737446
0.675406
0.492334
0.849623
-0.189071
0.135983
0.988823
0.061140
0.274096
0.868154
-0.413740
0.543504
0.732025
-0.410783
0.747303
0.654973
0.112022
0.787989
0.483775
-0.380836
0.274096
0.868154
-0.413740
0.833382
0.301200
-0.463414
0.357596
-0.126541
-0.925263
0.567180
-0.344742
-0.747971
0.497215
-0.213262
-0.841010
0.157457
-0.255581
-0.953879
0.353237
0.227446
-0.907465
-0.200185
0.060868
-0.977866
0.588241
0.607137
-0.534190
0.249724
0.778175
-0.576265
0.665100
0.667910
-0.333974
0.274096
0.868154
-0.413740
-0.150317
0.482594
-0.862849
0.125922
0.812824
-0.568736
-0.278825
0.812338
-0.512215
-0.000817
0.515128
-0.857113
-0.176647
0.216957
-0.960065
-0.615389
0.731545
-0.293492
0.325822
0.616295
-0.716952
-0.006872
-0.092087
-0.995727
0.269646
-0.286032
-0.919498
-0.193943
-0.167233
-0.966654
-0.193425
-0.396200
-0.897559
-0.646584
-0.374465
-0.664608
-0.507552
0.268480
-0.818724
-0.409739
-0.406692
-0.816527
-0.524145
-0.433183
-0.733229
-0.741366
-0.346686
-0.574617
-0.708389
0.227228
-0.668246
-0.863390
0.198712
-0.463759
-0.595331
0.534137
-0.600232
-0.810269
0.570399
-0.134573
-0.597609
0.639229
-0.483994
-0.278825
0.812338
-0.512215
0.125922
0.812824
-0.568736
-0.150317
0.482594
-0.862849
-0.584418
-0.039955
-0.810469
-0.206738
0.070655
-0.975842
-0.278825
0.812338
-0.512215
-0.616552
0.679347
-0.397934
-0.070998
0.923089
-0.377976
-0.206738
0.070655
-0.975842
-0.176647
0.216957
-0.960065
-0.027675
0.931787
-0.361950
0.318608
0.869539
-0.377348
0.388082
0.853977
-0.346578
0.588241
0.607137
-0.534190
-0.263050
-0.204907
-0.942772
-0.006872
-0.092087
-0.995727
0.770984
0.558330
-0.306352
0.353237
0.227446
-0.907465
0.278989
0.281393
-0.918141
0.326687
-0.257192
-0.909466
-0.043972
0.207203
-0.977309
0.787010
0.222294
-0.575501
0.109826
0.240013
-0.964537
0.765561
-0.122912
-0.631513
0.495172
0.217595
0.841105
0.009464
0.735913
0.677010
0.623454
0.645051
0.441832
0.356690
0.429516
0.829631
0.198560
0.458741
0.866101
0.326247
0.854708
-0.403779
-0.074804
0.975178
-0.208403
0.656457
0.350531
0.667976
0.320827
0.912755
-0.252879
0.764771
0.618566
-0.180282
0.764771
0.618566
-0.180282
0.543504
0.732025
-0.410783
0.320827
0.912755
-0.252879
0.492334
0.849623
-0.189071
0.623454
0.645051
0.441832
0.009464
0.735913
0.677010
-0.278825
0.812338
-0.512215
0.000000
0.762487
-0.647004
-0.070998
0.923089
-0.377976
0.318608
0.869539
-0.377348
-0.675103
0.587793
-0.445797
-0.111362
0.987942
0.107562
-0.789951
0.608695
0.073949
-0.265009
0.957824
0.111099
-0.734873
0.519351
0.436160
0.000000
0.999658
-0.026144
0.000000
0.993995
0.109430
0.675103
0.587793
-0.445797
0.111362
0.987942
0.107562
0.789950
0.608695
0.073949
0.265009
0.957824
0.111099
0.734873
0.519351
0.436160
0.000000
0.748751
0.662851
0.749619
-0.189642
0.634119
0.835902
-0.535381
0.120976
0.536864
-0.776174
0.330651
0.957886
-0.086862
0.273695
0.677132
0.111849
0.727312
0.609535
-0.718334
0.335357
0.560729
-0.815103
0.145568
0.838247
0.473985
0.269591
0.652907
0.145422
0.743347
0.570948
0.639662
0.514637
0.424920
0.140706
0.894228
0.663085
-0.172860
0.728311
0.256211
0.468311
0.845601
0.277736
-0.216818
0.935870
0.189309
-0.202076
0.960899
0.568934
-0.558111
0.604009
0.302849
-0.667238
0.680497
-0.522396
-0.668621
0.529196
-0.815842
-0.431266
0.385243
-0.493884
-0.483794
0.722511
-0.523876
-0.547186
0.652795
-0.493270
-0.322486
0.807891
-0.931315
0.003155
0.364202
-0.700711
0.047404
0.711869
-0.225909
-0.345116
0.910967
-0.404832
0.103635
0.908499
-0.154734
0.235333
0.959519
-0.741888
0.373690
0.556738
-0.609968
0.147282
0.778619
-0.206089
0.706318
0.677231
-0.626542
0.586232
0.513592
-0.571346
0.709854
0.411912
-0.666869
0.437251
0.603405
-0.864795
0.440909
0.240266
0.111362
0.987942
0.107562
0.265009
0.957824
0.111099
-0.327087
0.608697
0.722843
-0.456928
0.879666
0.131924
0.318608
0.869539
-0.377348
0.506917
0.445461
0.737970
0.739893
0.407673
0.535127
-0.247381
0.775862
-0.580380
0.588241
0.607137
-0.534190
0.525707
0.843748
0.108263
0.469084
0.565924
-0.678005
0.665100
0.667910
-0.333974
0.912711
0.064411
0.403498
0.623454
0.645051
0.441832
0.975062
0.219969
-0.029469
0.492334
0.849623
-0.189071
0.838475
0.187695
-0.511596
-0.111362
0.987942
0.107562
0.327087
0.608697
0.722843
-0.265009
0.957824
0.111099
0.456928
0.879666
0.131924
-0.278825
0.812338
-0.512215
-0.506917
0.445461
0.737970
-0.741888
0.373690
0.556738
0.247381
0.775862
-0.580380
-0.597609
0.639229
-0.483994
-0.525707
0.843748
0.108263
-0.469083
0.565924
-0.678005
-0.595331
0.534137
-0.600232
-0.912711
0.064411
0.403498
-0.626542
0.586232
0.513592
-0.975062
0.219969
-0.029469
-0.450531
0.890697
-0.060665
-0.838475
0.187695
-0.511596
<TexCoords>:
610
0.544300
0.538737
0.589911
0.545774
0.614437
0.515545
0.614437
0.515545
0.577990
0.468774
0.614437
0.515545
0.651576
0.513322
0.656673
0.462259
0.585804
0.408833
0.625085
0.425920
0.653056
0.400531
0.675389
0.421033
0.626421
0.360182
0.544406
0.358819
0.589683
0.314568
0.671341
0.369831
0.694141
0.391172
0.652220
0.344110
0.632113
0.307874
0.692908
0.354960
0.707263
0.378901
0.678541
0.329330
0.732182
0.349233
0.738014
0.381093
0.720208
0.319922
0.778048
0.347536
0.778630
0.385873
0.759593
0.309163
0.766560
0.290175
0.717756
0.288386
0.781982
0.268841
0.722173
0.267582
0.668700
0.297206
0.671836
0.270887
0.718952
0.249073
0.631782
0.270962
0.586625
0.264122
0.679413
0.243094
0.737849
0.231103
0.640580
0.237405
0.694694
0.215156
0.751547
0.197585
0.717582
0.184119
0.790919
0.164297
0.655307
0.206626
0.592887
0.219084
0.683607
0.173494
0.737320
0.156224
0.611043
0.187786
0.539559
0.238020
0.519466
0.268354
0.565593
0.289655
0.788508
0.122689
0.822475
0.122464
0.853621
0.163372
0.830593
0.065444
0.785126
0.080477
0.746102
0.124336
0.749923
0.090322
0.702383
0.144399
0.717004
0.112458
0.730332
0.080108
0.647365
0.153417
0.689089
0.088132
0.703957
0.056616
0.670195
0.123329
0.654817
0.059193
0.670384
0.034269
0.631132
0.080757
0.601838
0.113308
0.568646
0.144294
0.614565
0.027920
0.631266
0.006251
0.614319
0.058369
0.578443
0.080501
0.542308
0.160945
0.543720
0.103253
0.527011
0.093855
0.568646
0.144294
0.508322
0.163229
0.498221
0.099748
0.565203
0.054691
0.552546
0.024673
0.606030
0.001865
0.509189
0.064095
0.534005
0.208510
0.524672
0.224408
0.473035
0.205562
0.471936
0.184783
0.504952
0.244417
0.519466
0.268354
0.464239
0.233283
0.519466
0.268354
0.451053
0.260991
0.433656
0.228711
0.457495
0.197270
0.418137
0.035186
0.427140
0.064385
0.446620
0.086940
0.418137
0.035186
0.453202
0.074346
0.474858
0.102873
0.492298
0.091707
0.460911
0.141916
0.491254
0.146099
0.433229
0.128594
0.451673
0.171135
0.456935
0.190791
0.420883
0.159829
0.410035
0.178561
0.410135
0.105592
0.427140
0.064385
0.383911
0.083671
0.380918
0.156725
0.398687
0.146312
0.908528
0.427545
0.938227
0.381871
0.916408
0.354777
0.877890
0.367819
0.848313
0.317201
0.910345
0.314440
0.858216
0.390719
0.882865
0.439758
0.876273
0.483776
0.903537
0.492113
0.832865
0.366989
0.892116
0.279176
0.916320
0.287895
0.783286
0.322175
0.806113
0.355270
0.855550
0.285791
0.820843
0.286499
0.833731
0.246530
0.897569
0.252664
0.933590
0.256240
0.922822
0.221880
0.858622
0.248812
0.897325
0.225615
0.922269
0.194891
0.862548
0.211807
0.828570
0.204991
0.795644
0.170873
0.861273
0.179178
0.937045
0.156473
0.902014
0.136896
0.889717
0.109788
0.873807
0.127723
0.888788
0.054241
0.879223
0.031025
0.861912
0.022295
0.842421
0.026697
0.836023
0.054502
0.882041
0.079250
0.861823
0.093416
0.842347
0.086409
0.506775
0.282994
0.534900
0.320501
0.533740
0.286235
0.490977
0.321597
0.445135
0.269058
0.424082
0.311900
0.409382
0.340234
0.477176
0.354272
0.529927
0.359459
0.400614
0.370492
0.467888
0.381921
0.536367
0.385454
0.398497
0.412323
0.463556
0.412613
0.534237
0.419205
0.530445
0.460472
0.468109
0.453039
0.404477
0.455376
0.417006
0.495662
0.478726
0.486555
0.528714
0.487084
0.428819
0.528205
0.492141
0.517963
0.437238
0.582722
0.533982
0.521666
0.497003
0.559051
0.525159
0.557810
0.844074
0.422070
0.845834
0.505838
0.864510
0.479175
0.824257
0.440875
0.800864
0.394242
0.824019
0.516089
0.795277
0.421490
0.793025
0.530110
0.760906
0.389420
0.762666
0.531865
0.761141
0.417315
0.727097
0.421435
0.732323
0.530497
0.720063
0.394251
0.701252
0.517031
0.698837
0.442294
0.684578
0.428208
0.679733
0.507319
0.661570
0.481137
0.864915
0.654633
0.818331
0.674057
0.845396
0.673897
0.864039
0.702866
0.822560
0.729459
0.901544
0.681096
0.864915
0.654633
0.941061
0.641930
0.897914
0.616354
0.832717
0.645687
0.762614
0.627393
0.871884
0.614960
0.852517
0.586099
0.896212
0.578362
0.865103
0.525338
0.835936
0.527660
0.801430
0.614917
0.796449
0.540590
0.762701
0.546351
0.728918
0.541017
0.723801
0.615122
0.689426
0.528211
0.692414
0.645863
0.706718
0.674261
0.672760
0.586344
0.660302
0.525718
0.629102
0.578419
0.627291
0.616347
0.653318
0.615064
0.660177
0.654711
0.584055
0.641747
0.623445
0.681044
0.679640
0.674024
0.660177
0.654711
0.660891
0.702924
0.702282
0.729653
0.835936
0.527660
0.824019
0.516089
0.793025
0.530110
0.796449
0.540590
0.762666
0.531865
0.762701
0.546351
0.728918
0.541017
0.732323
0.530497
0.689426
0.528211
0.701252
0.517031
0.235613
0.059745
0.290839
0.051355
0.239107
0.035400
0.288809
0.080330
0.276701
0.105372
0.330713
0.112611
0.349974
0.073366
0.373173
0.016284
0.317387
0.004431
0.238628
0.088045
0.198438
0.091341
0.182788
0.067128
0.218492
0.039142
0.151215
0.087692
0.222963
0.110568
0.164785
0.119475
0.123688
0.108621
0.136231
0.141718
0.099720
0.119629
0.184089
0.153632
0.253506
0.138650
0.105317
0.151802
0.061682
0.110935
0.151740
0.175070
0.055498
0.153397
0.021240
0.100897
0.001992
0.142668
0.118543
0.184952
0.078816
0.190792
0.207602
0.181285
0.313284
0.123165
0.287543
0.165300
0.287543
0.165300
0.133320
0.217380
0.082647
0.225844
0.170200
0.204071
0.314005
0.181382
0.359821
0.122671
0.346550
0.185356
0.267652
0.237991
0.246793
0.210370
0.205099
0.233317
0.170835
0.247237
0.224161
0.262340
0.189541
0.271813
0.129886
0.265230
0.149799
0.286437
0.200422
0.300699
0.163739
0.301926
0.235212
0.297411
0.271697
0.279079
0.204261
0.324932
0.149710
0.312432
0.242948
0.339137
0.277387
0.313957
0.331490
0.310256
0.321738
0.276066
0.336211
0.248768
0.194123
0.354284
0.216304
0.372980
0.152087
0.341901
0.092854
0.317602
0.111008
0.332319
0.096205
0.371321
0.237101
0.397923
0.283682
0.369386
0.319063
0.417445
0.269992
0.449569
0.205360
0.435146
0.194018
0.397761
0.177921
0.378525
0.141512
0.370427
0.134811
0.401106
0.103046
0.406359
0.160577
0.400292
0.168216
0.416091
0.181388
0.455261
0.201684
0.508409
0.230112
0.464194
0.277268
0.497461
0.231679
0.560529
0.293297
0.562055
0.722735
0.044358
0.749611
0.012412
0.732300
0.021143
0.769102
0.016814
0.775500
0.044619
0.729482
0.069367
0.749700
0.083533
0.769176
0.076526
0.031579
0.411848
0.004616
0.415091
0.003454
0.449356
0.047379
0.450451
0.093220
0.397912
0.114269
0.440753
0.128973
0.469085
0.061182
0.483126
0.008428
0.488317
0.137746
0.499342
0.070471
0.510774
0.001992
0.514311
0.139865
0.541176
0.074802
0.541466
0.004128
0.548060
0.007912
0.589323
0.070252
0.581895
0.133882
0.584230
0.121351
0.624517
0.059633
0.615409
0.009644
0.615935
0.109537
0.657060
0.046214
0.646817
0.101117
0.711577
0.004374
0.650515
0.041350
0.687906
0.013193
0.686660
0.058604
0.814157
0.074788
0.840130
0.095055
0.797453
0.107531
0.800989
0.088931
0.849201
0.130588
0.755820
0.056616
0.848071
0.051256
0.865417
0.058604
0.814157
0.113994
0.758935
0.118951
0.725116
0.101683
0.738411
0.081788
0.709761
0.037458
0.776740
0.077394
0.723378
0.032117
0.700332
0.036639
0.716035
0.001992
0.744459
0.015101
0.747179
0.020156
0.787198
0.037458
0.776740
0.042251
0.822220
0.058604
0.814157
0.051256
0.865417
0.058604
0.814157
0.056616
0.848071
0.377647
0.667967
0.347886
0.612814
0.332254
0.636684
0.402388
0.651413
0.421627
0.616429
0.398102
0.590348
0.361618
0.563120
0.334836
0.578765
0.385790
0.552805
0.383971
0.524268
0.400347
0.561891
0.418561
0.519130
0.388893
0.483332
0.351546
0.534703
0.302789
0.546372
0.350905
0.492539
0.377313
0.496022
0.379696
0.456639
0.426052
0.290347
0.409135
0.255771
0.392938
0.260971
0.395370
0.289336
0.340177
0.266858
0.398805
0.241381
0.352715
0.291139
0.331490
0.310256
0.331490
0.310256
0.402374
0.319252
0.124655
0.067087
0.093976
0.064729
0.086839
0.094390
0.106385
0.013853
0.093370
0.033531
0.067529
0.005839
0.068217
0.027032
0.025431
0.051009
0.057731
0.052647
0.038499
0.086820
0.049730
0.073927
0.086839
0.094390
0.096357
0.115789
0.086839
0.094390
0.790712
0.868837
0.817720
0.838196
0.798764
0.817382
0.811652
0.873183
0.787192
0.934126
0.848307
0.883573
0.844513
0.848148
0.805416
0.909620
0.866450
0.932507
0.837448
0.909395
0.879630
0.885149
0.867935
0.828123
0.798764
0.817382
0.817720
0.838196
0.401738
0.856402
0.413958
0.836137
0.422201
0.783185
0.465377
0.862882
0.455837
0.842823
0.483165
0.832963
0.422201
0.783185
0.471192
0.810527
0.507896
0.795896
0.486328
0.791641
0.487982
0.736903
0.468568
0.757101
0.444597
0.722386
0.447690
0.746070
0.386778
0.752965
0.409227
0.761091
0.395320
0.799685
0.422201
0.783185
0.551135
0.677324
0.522283
0.716043
0.539385
0.737597
0.530572
0.659965
0.579074
0.651372
0.495547
0.708408
0.553969
0.645508
0.555434
0.562031
0.543918
0.589448
0.505585
0.567597
0.506285
0.596004
0.468471
0.575888
0.495957
0.662383
0.478782
0.599660
0.437257
0.592515
0.460112
0.608211
0.435609
0.655755
0.459302
0.656319
0.446487
0.715356
0.466375
0.701525
0.491364
0.731929
0.539385
0.737597
0.522283
0.716043
0.130905
0.684747
0.156851
0.680731
0.180596
0.659380
0.170397
0.741175
0.178058
0.714155
0.205878
0.729685
0.180596
0.659380
0.155853
0.652433
0.202462
0.709039
0.244374
0.714751
0.228729
0.697313
0.269396
0.678376
0.166363
0.592082
0.141663
0.567950
0.247783
0.672307
0.255234
0.618602
0.207617
0.640431
0.198750
0.582851
0.192913
0.553493
0.234193
0.624754
0.237410
0.569448
0.226109
0.591016
0.260482
0.798893
0.227617
0.837519
0.236762
0.854976
0.232136
0.800300
0.245789
0.746282
0.202445
0.788256
0.199991
0.823087
0.236058
0.762511
0.203157
0.736166
0.211782
0.753825
0.211782
0.753825
0.177783
0.777118
0.203157
0.736166
0.187332
0.837132
0.236762
0.854976
0.227617
0.837519
0.371770
0.825357
0.325012
0.797515
0.325084
0.837021
0.278312
0.825417
0.343262
0.792387
0.382455
0.748368
0.349204
0.751693
0.372671
0.670971
0.349281
0.716485
0.325021
0.665837
0.325025
0.751432
0.306779
0.792421
0.267631
0.748366
0.300844
0.751708
0.277381
0.670997
0.300799
0.716469
0.325048
0.705338
0.701723
0.746048
0.728658
0.733991
0.712447
0.718946
0.717631
0.749959
0.695390
0.789867
0.760778
0.724674
0.758299
0.688544
0.714004
0.784171
0.728658
0.834852
0.743629
0.802993
0.783925
0.841692
0.754530
0.765782
0.771194
0.823249
0.805176
0.786589
0.789048
0.780718
0.813454
0.713559
0.791447
0.733466
0.941411
0.002718
0.978783
0.042424
0.990582
0.031727
0.942597
0.035220
0.903438
0.027151
0.984277
0.074766
0.997517
0.073408
0.915479
0.038160
0.886808
0.082992
0.902244
0.082002
0.916973
0.138508
0.941307
0.082331
0.922152
0.123809
0.951055
0.148251
0.944312
0.119736
0.997768
0.111248
0.984253
0.105326
0.998008
0.765117
0.983383
0.691941
0.962470
0.716653
0.974831
0.764028
0.972705
0.843504
0.922561
0.710357
0.917072
0.677792
0.959153
0.812413
0.922741
0.845500
0.935323
0.757696
0.930278
0.816809
0.869228
0.822277
0.896016
0.724364
0.880519
0.702384
0.894648
0.763361
0.871044
0.764171
0.898024
0.803455
0.535224
0.772177
0.570993
0.723928
0.550160
0.699126
0.558455
0.771299
0.560681
0.850950
0.610819
0.717779
0.616123
0.685165
0.574125
0.819699
0.610930
0.852740
0.598013
0.765112
0.602976
0.824177
0.664348
0.829138
0.637303
0.731647
0.652668
0.709461
0.638672
0.770656
0.662280
0.771173
0.635318
0.810691
<BoneWeights>:
610
6
0.424400
7
0.344065
5
0.214990
4
0.016546
6
0.473833
7
0.447659
5
0.076223
4
0.002286
6
0.486456
7
0.482320
5
0.031224
0
0.000000
6
0.486456
7
0.482320
5
0.031224
0
0.000000
6
0.461902
7
0.419216
5
0.113676
4
0.005206
6
0.486456
7
0.482320
5
0.031224
0
0.000000
6
0.474847
7
0.447326
5
0.076232
4
0.001596
6
0.432877
7
0.316236
5
0.233139
4
0.017748
6
0.402881
7
0.290918
5
0.274216
4
0.031984
6
0.392757
5
0.327604
7
0.239059
4
0.040580
5
0.518665
6
0.260024
4
0.138832
7
0.082479
5
0.435622
6
0.332975
7
0.138922
4
0.092481
5
0.518381
6
0.236725
4
0.153516
7
0.091378
6
0.387286
5
0.332816
7
0.243183
4
0.036715
5
0.495123
6
0.268810
4
0.132538
7
0.103529
5
0.556971
4
0.325909
6
0.099615
7
0.017505
5
0.551583
4
0.273125
6
0.145273
7
0.030019
5
0.568731
4
0.346676
6
0.072013
7
0.012579
5
0.560335
4
0.316849
6
0.103640
7
0.019176
4
0.511705
5
0.405314
1
0.062667
2
0.020315
4
0.488207
5
0.403022
2
0.071376
1
0.037395
4
0.492717
5
0.409583
1
0.082087
6
0.015613
4
0.541123
1
0.232723
5
0.167155
2
0.058998
4
0.521583
2
0.186278
1
0.147398
5
0.144741
4
0.515685
1
0.290875
5
0.176871
2
0.016569
1
0.443624
4
0.389642
2
0.114090
0
0.052644
2
0.348688
4
0.336205
1
0.291480
5
0.023628
1
0.509025
4
0.337373
0
0.120944
2
0.032658
1
0.580357
4
0.256521
0
0.105437
2
0.057684
4
0.491862
1
0.322604
5
0.155608
2
0.029925
1
0.600717
2
0.209669
4
0.187750
3
0.001865
4
0.474356
1
0.316147
2
0.122099
5
0.087398
4
0.483398
5
0.396040
1
0.100169
6
0.020393
4
0.510507
5
0.333078
1
0.109944
2
0.046472
4
0.446117
2
0.291243
5
0.135189
1
0.127451
5
0.548735
4
0.323887
6
0.106593
7
0.020786
5
0.456668
6
0.295133
7
0.136515
4
0.111685
4
0.424384
5
0.400279
2
0.131636
1
0.043701
2
0.595215
4
0.240536
5
0.095421
1
0.068828
5
0.578243
4
0.267418
6
0.128399
7
0.025941
4
0.357067
5
0.355287
2
0.257479
1
0.030168
2
0.602313
4
0.236367
5
0.117517
1
0.043803
5
0.352515
4
0.347990
2
0.282481
1
0.017014
2
0.624222
4
0.242192
5
0.073717
1
0.059868
5
0.580694
4
0.200284
6
0.180107
7
0.038916
5
0.472154
6
0.308105
7
0.138797
4
0.080945
5
0.604528
4
0.270482
6
0.093768
2
0.031223
4
0.369768
5
0.345874
2
0.262491
1
0.021867
5
0.389775
6
0.374278
7
0.187199
4
0.048748
6
0.405613
7
0.309198
5
0.260842
4
0.024347
6
0.387286
5
0.332816
7
0.243183
4
0.036715
5
0.495123
6
0.268810
4
0.132538
7
0.103529
4
0.402953
2
0.370320
5
0.153554
1
0.073174
2
0.597792
4
0.266141
1
0.136067
0
0.000000
2
0.871790
4
0.082100
1
0.046110
0
0.000000
2
0.348688
4
0.336205
1
0.291480
5
0.023628
4
0.521583
2
0.186278
1
0.147398
5
0.144741
5
0.431116
4
0.376891
2
0.159178
6
0.032815
4
0.488207
5
0.403022
2
0.071376
1
0.037395
5
0.599913
4
0.235842
6
0.136934
2
0.027312
5
0.596598
4
0.218550
6
0.156502
7
0.028350
5
0.551583
4
0.273125
6
0.145273
7
0.030019
5
0.485873
6
0.313162
7
0.119804
4
0.081162
5
0.453901
6
0.319410
7
0.140460
4
0.086229
5
0.435622
6
0.332975
7
0.138922
4
0.092481
5
0.468149
6
0.325816
7
0.131067
4
0.074969
6
0.447132
7
0.346725
5
0.191871
4
0.014272
6
0.432877
7
0.316236
5
0.233139
4
0.017748
6
0.454798
7
0.311059
5
0.221853
4
0.012289
6
0.469971
7
0.352309
5
0.167479
4
0.010241
6
0.470174
7
0.368641
5
0.155133
4
0.006052
6
0.487164
7
0.471457
5
0.041379
0
0.000000
6
0.474847
7
0.447326
5
0.076232
4
0.001596
6
0.489853
7
0.433366
5
0.076781
0
0.000000
6
0.494310
7
0.467434
5
0.038256
0
0.000000
6
0.436885
7
0.330077
5
0.218856
4
0.014183
6
0.492718
7
0.444453
5
0.062830
0
0.000000
6
0.483809
7
0.451247
5
0.063736
4
0.001208
6
0.470174
7
0.368641
5
0.155133
4
0.006052
6
0.424400
7
0.344065
5
0.214990
4
0.016546
6
0.473833
7
0.447659
5
0.076223
4
0.002286
6
0.490177
7
0.484635
5
0.025188
0
0.000000
6
0.486456
7
0.482320
5
0.031224
0
0.000000
6
0.474847
7
0.447326
5
0.076232
4
0.001596
6
0.473833
7
0.447659
5
0.076223
4
0.002286
6
0.424400
7
0.344065
5
0.214990
4
0.016546
6
0.433215
7
0.387641
5
0.172352
4
0.006792
6
0.454604
7
0.428821
5
0.114020
4
0.002555
6
0.461902
7
0.419216
5
0.113676
4
0.005206
6
0.431513
7
0.370574
5
0.189042
4
0.008872
6
0.387286
5
0.332816
7
0.243183
4
0.036715
6
0.451278
7
0.417164
5
0.126136
4
0.005422
6
0.387286
5
0.332816
7
0.243183
4
0.036715
6
0.402881
7
0.290918
5
0.274216
4
0.031984
6
0.402881
7
0.290918
5
0.274216
4
0.031984
6
0.461902
7
0.419216
5
0.113676
4
0.005206
0
0.483403
12
0.226385
1
0.153438
13
0.136774
0
0.566728
1
0.256643
12
0.150720
13
0.025909
0
0.680045
1
0.241596
12
0.065525
2
0.012834
0
0.483403
12
0.226385
1
0.153438
13
0.136774
0
0.761524
12
0.113244
1
0.104006
13
0.021226
0
0.673959
1
0.267196
2
0.046552
12
0.012292
0
0.776254
1
0.171424
2
0.048556
17
0.003766
1
0.433700
0
0.420966
2
0.143475
12
0.001859
0
0.393563
1
0.358018
2
0.247167
16
0.001253
0
0.450690
1
0.449006
2
0.086665
12
0.013640
1
0.415486
2
0.393313
0
0.191201
0
0.000000
2
0.862993
1
0.137007
0
0.000000
0
0.000000
1
0.528242
2
0.262370
0
0.208289
12
0.001099
2
0.588827
1
0.364625
0
0.046548
0
0.000000
1
0.480316
0
0.412298
2
0.067437
12
0.039949
0
0.566728
1
0.256643
12
0.150720
13
0.025909
1
0.494789
0
0.347447
2
0.109519
12
0.048245
1
0.484206
2
0.419485
0
0.073785
4
0.022524
1
0.590672
2
0.214551
0
0.189852
12
0.004924
1
0.494789
0
0.347447
2
0.109519
12
0.048245
0
0.483403
12
0.226385
1
0.153438
13
0.136774
0
0.376811
12
0.274753
13
0.195800
1
0.152636
1
0.500324
0
0.405399
12
0.068566
4
0.025711
1
0.714583
2
0.130032
0
0.083542
12
0.071843
0
0.351376
12
0.307060
1
0.211014
13
0.130550
1
0.509025
4
0.337373
0
0.120944
2
0.032658
1
0.443624
4
0.389642
2
0.114090
0
0.052644
2
0.348688
4
0.336205
1
0.291480
5
0.023628
1
0.484206
2
0.419485
0
0.073785
4
0.022524
1
0.580357
4
0.256521
0
0.105437
2
0.057684
0
0.388895
1
0.327562
12
0.258210
2
0.025334
0
0.466252
12
0.328697
13
0.109347
14
0.095704
1
0.614724
2
0.339363
3
0.033661
4
0.012252
1
0.600717
2
0.209669
4
0.187750
3
0.001865
1
0.749449
0
0.096134
2
0.083394
12
0.071022
1
0.752656
2
0.132482
3
0.067314
0
0.047549
1
0.778997
2
0.084968
3
0.068234
0
0.067801
0
0.583779
1
0.293549
12
0.089815
17
0.032858
0
0.684843
17
0.169724
12
0.128161
18
0.017272
0
0.524252
17
0.234373
16
0.175558
1
0.065818
1
0.718231
0
0.208993
2
0.052302
12
0.020474
0
0.424267
1
0.335087
16
0.171645
17
0.069001
0
0.437563
1
0.237097
17
0.190150
16
0.135191
1
0.731001
0
0.195793
2
0.067741
16
0.005465
1
0.771995
2
0.159900
3
0.060886
0
0.007219
1
0.595831
2
0.301948
0
0.063691
3
0.038530
1
0.658354
0
0.203975
2
0.083807
8
0.053864
0
0.435204
17
0.225928
1
0.173348
16
0.165521
1
0.504684
0
0.417697
8
0.043972
17
0.033647
1
0.517779
8
0.325255
0
0.125862
2
0.031105
1
0.570135
8
0.278018
0
0.134431
2
0.017416
14
1.000000
0
0.000000
0
0.000000
0
0.000000
14
1.000000
0
0.000000
0
0.000000
0
0.000000
14
0.998699
13
0.001301
0
0.000000
0
0.000000
14
0.991093
13
0.005715
12
0.003192
0
0.000000
14
0.950078
13
0.023476
12
0.020975
15
0.005471
14
1.000000
0
0.000000
0
0.000000
0
0.000000
14
1.000000
0
0.000000
0
0.000000
0
0.000000
14
1.000000
0
0.000000
0
0.000000
0
0.000000
14
0.352426
0
0.274980
12
0.206736
13
0.165858
0
0.745128
17
0.148145
12
0.084142
18
0.022586
0
0.653333
17
0.214563
12
0.105169
18
0.026935
14
0.336166
0
0.237806
13
0.236759
12
0.189269
14
0.950078
13
0.023476
12
0.020975
15
0.005471
14
0.991093
13
0.005715
12
0.003192
0
0.000000
14
0.998699
13
0.001301
0
0.000000
0
0.000000
14
0.330831
13
0.277097
12
0.208966
0
0.183106
0
0.589176
12
0.227750
13
0.131874
14
0.051201
14
1.000000
0
0.000000
0
0.000000
0
0.000000
14
0.356349
13
0.290188
12
0.216632
0
0.136831
0
0.483403
12
0.226385
1
0.153438
13
0.136774
14
1.000000
0
0.000000
0
0.000000
0
0.000000
14
0.396330
13
0.252456
12
0.218509
0
0.132705
0
0.376811
12
0.274753
13
0.195800
1
0.152636
0
0.351376
12
0.307060
1
0.211014
13
0.130550
14
0.506729
12
0.237693
13
0.218364
1
0.037213
14
1.000000
0
0.000000
0
0.000000
0
0.000000
14
1.000000
0
0.000000
0
0.000000
0
0.000000
14
0.529723
12
0.248225
13
0.220426
16
0.001626
0
0.466252
12
0.328697
13
0.109347
14
0.095704
14
1.000000
0
0.000000
0
0.000000
0
0.000000
0
0.364829
14
0.350455
12
0.157465
13
0.127251
14
0.950078
13
0.023476
12
0.020975
15
0.005471
0
0.684843
17
0.169724
12
0.128161
18
0.017272
14
0.352426
0
0.274980
12
0.206736
13
0.165858
0
0.653333
17
0.214563
12
0.105169
18
0.026935
1
0.614724
2
0.339363
3
0.033661
4
0.012252
2
0.626328
3
0.295596
1
0.078076
0
0.000000
2
0.741688
1
0.224114
3
0.021069
4
0.013128
3
0.386535
1
0.345476
2
0.267990
0
0.000000
1
0.752656
2
0.132482
3
0.067314
0
0.047549
3
0.783303
2
0.153628
1
0.063070
0
0.000000
1
0.455355
3
0.409589
2
0.120638
0
0.014418
3
0.762961
2
0.170796
1
0.066243
0
0.000000
1
0.778997
2
0.084968
3
0.068234
0
0.067801
3
0.750095
2
0.169661
1
0.078722
0
0.001522
1
0.490207
3
0.413815
2
0.082261
0
0.013717
1
0.455087
3
0.407848
2
0.123998
0
0.013067
3
0.740763
2
0.192998
1
0.066239
0
0.000000
1
0.771995
2
0.159900
3
0.060886
0
0.007219
3
0.668170
2
0.274817
1
0.057013
0
0.000000
3
0.379831
2
0.314429
1
0.304653
8
0.001088
1
0.595831
2
0.301948
0
0.063691
3
0.038530
2
0.666678
3
0.261252
1
0.069826
8
0.002244
2
0.692559
1
0.216423
8
0.072025
3
0.018994
2
0.998599
3
0.001401
0
0.000000
0
0.000000
2
0.993496
3
0.006505
0
0.000000
0
0.000000
2
0.998235
3
0.001765
0
0.000000
0
0.000000
2
0.997655
3
0.002345
0
0.000000
0
0.000000
2
0.965675
3
0.034325
0
0.000000
0
0.000000
2
1.000000
0
0.000000
0
0.000000
0
0.000000
2
0.998599
3
0.001401
0
0.000000
0
0.000000
2
0.945007
4
0.033229
1
0.021764
0
0.000000
2
0.997701
3
0.002299
0
0.000000
0
0.000000
2
0.992605
3
0.007396
0
0.000000
0
0.000000
2
0.965675
3
0.034325
0
0.000000
0
0.000000
2
0.992726
3
0.007274
0
0.000000
0
0.000000
2
0.952808
3
0.042622
1
0.004569
0
0.000000
2
0.945007
4
0.033229
1
0.021764
0
0.000000
2
0.741688
1
0.224114
3
0.021069
4
0.013128
2
0.626328
3
0.295596
1
0.078076
0
0.000000
2
0.953893
3
0.046107
0
0.000000
0
0.000000
2
0.687111
3
0.301952
1
0.010937
0
0.000000
2
0.685674
3
0.304059
1
0.010268
0
0.000000
2
0.698053
3
0.291798
1
0.010149
0
0.000000
2
0.957009
3
0.042991
0
0.000000
0
0.000000
2
0.666678
3
0.261252
1
0.069826
8
0.002244
2
0.994060
3
0.005940
0
0.000000
0
0.000000
2
0.995779
3
0.004221
0
0.000000
0
0.000000
2
0.946693
3
0.037564
8
0.007982
1
0.007761
2
0.692559
1
0.216423
8
0.072025
3
0.018994
2
0.929505
1
0.039377
8
0.029567
9
0.001551
2
0.983917
8
0.009699
1
0.004416
3
0.001968
2
0.993376
3
0.006625
0
0.000000
0
0.000000
2
0.998618
3
0.001382
0
0.000000
0
0.000000
2
0.929505
1
0.039377
8
0.029567
9
0.001551
2
0.991853
8
0.005622
1
0.002524
0
0.000000
2
1.000000
0
0.000000
0
0.000000
0
0.000000
2
0.998618
3
0.001382
0
0.000000
0
0.000000
2
0.997655
3
0.002345
0
0.000000
0
0.000000
2
0.965675
3
0.034325
0
0.000000
0
0.000000
2
0.626328
3
0.295596
1
0.078076
0
0.000000
3
0.783303
2
0.153628
1
0.063070
0
0.000000
3
0.762961
2
0.170796
1
0.066243
0
0.000000
2
0.687111
3
0.301952
1
0.010937
0
0.000000
3
0.750095
2
0.169661
1
0.078722
0
0.001522
2
0.685674
3
0.304059
1
0.010268
0
0.000000
2
0.698053
3
0.291798
1
0.010149
0
0.000000
3
0.740763
2
0.192998
1
0.066239
0
0.000000
2
0.666678
3
0.261252
1
0.069826
8
0.002244
3
0.668170
2
0.274817
1
0.057013
0
0.000000
10
0.486283
11
0.470604
9
0.041305
8
0.001808
10
0.486456
11
0.482320
9
0.031224
0
0.000000
10
0.474227
11
0.446742
9
0.076132
8
0.002899
10
0.490177
11
0.484635
9
0.025188
0
0.000000
10
0.493672
11
0.466831
9
0.038206
8
0.001290
10
0.483365
11
0.450833
9
0.063677
8
0.002125
10
0.473338
11
0.447191
9
0.076144
8
0.003328
10
0.423619
11
0.343432
9
0.214595
8
0.018355
10
0.460670
11
0.418097
9
0.113373
8
0.007860
10
0.488892
11
0.432516
9
0.076631
8
0.001961
10
0.445169
11
0.345203
9
0.191030
8
0.018598
10
0.431124
11
0.314955
9
0.232195
8
0.021726
10
0.474227
11
0.446742
9
0.076132
8
0.002899
9
0.430642
10
0.329168
11
0.137334
8
0.102856
10
0.453113
11
0.309907
9
0.221032
8
0.015949
9
0.452143
10
0.318173
11
0.139916
8
0.089768
9
0.547842
8
0.277364
10
0.144855
11
0.029940
9
0.587243
8
0.229860
10
0.154840
11
0.028058
8
0.453937
9
0.385797
2
0.127536
1
0.032730
9
0.464860
10
0.323526
11
0.130146
8
0.081469
10
0.467958
11
0.350801
9
0.166762
8
0.014479
9
0.378122
8
0.353568
2
0.241432
10
0.026878
8
0.464470
2
0.265678
9
0.148661
1
0.121191
9
0.603813
8
0.227638
10
0.137062
2
0.031487
2
0.536694
8
0.316263
9
0.080054
1
0.066989
2
0.364376
8
0.351748
1
0.257062
9
0.026814
2
0.697787
8
0.165885
1
0.128413
9
0.007915
9
0.375634
8
0.311569
2
0.294617
10
0.018180
2
0.602922
8
0.260774
9
0.108486
1
0.027818
9
0.483674
10
0.311751
11
0.119264
8
0.085311
10
0.492136
11
0.443928
9
0.062756
8
0.001181
10
0.468471
11
0.367307
9
0.154571
8
0.009651
10
0.468471
11
0.367307
9
0.154571
8
0.009651
2
0.338487
8
0.330331
9
0.313686
1
0.017497
2
0.696790
8
0.201777
9
0.067250
1
0.034183
9
0.615407
8
0.251997
10
0.094291
2
0.038305
10
0.435321
11
0.328895
9
0.218073
8
0.017711
10
0.473338
11
0.447191
9
0.076144
8
0.003328
10
0.423619
11
0.343432
9
0.214595
8
0.018355
9
0.470494
10
0.307029
11
0.138312
8
0.084165
9
0.385124
10
0.369817
11
0.184968
8
0.060090
9
0.575897
8
0.207760
10
0.177057
2
0.039287
9
0.356553
8
0.325094
2
0.284872
1
0.033482
9
0.575693
8
0.270518
10
0.127926
11
0.025863
8
0.432571
9
0.358830
2
0.147919
1
0.060680
2
0.594731
8
0.241999
9
0.082893
1
0.080378
8
0.415317
2
0.333486
1
0.163204
9
0.087993
8
0.495540
9
0.402674
1
0.056827
2
0.044959
8
0.551107
1
0.190854
9
0.168671
2
0.089368
9
0.551345
8
0.320133
10
0.107540
11
0.020982
9
0.452230
10
0.292268
11
0.135190
8
0.120312
8
0.494267
9
0.383947
1
0.103007
10
0.018779
8
0.528111
1
0.343812
9
0.103675
0
0.024402
9
0.553308
8
0.324733
10
0.102912
11
0.019047
9
0.491051
10
0.266599
8
0.139673
11
0.102678
10
0.385768
9
0.331512
11
0.242230
8
0.040491
10
0.403330
11
0.307458
9
0.259374
8
0.029838
10
0.423619
11
0.343432
9
0.214595
8
0.018355
8
0.488210
9
0.411470
1
0.084550
10
0.015770
9
0.573323
8
0.341401
10
0.072595
11
0.012681
8
0.504330
1
0.300862
9
0.173391
2
0.021417
1
0.570135
8
0.278018
0
0.134431
2
0.017416
1
0.517779
8
0.325255
0
0.125862
2
0.031105
1
0.445133
8
0.364411
2
0.138056
0
0.052400
9
0.516756
10
0.235983
8
0.156170
11
0.091092
9
0.491051
10
0.266599
8
0.139673
11
0.102678
10
0.385768
9
0.331512
11
0.242230
8
0.040491
10
0.400798
11
0.289414
9
0.272798
8
0.036990
9
0.516271
10
0.258823
8
0.142808
11
0.082098
9
0.558338
8
0.324260
10
0.099856
11
0.017547
8
0.488213
9
0.413481
1
0.057276
2
0.041030
8
0.515110
1
0.221923
9
0.170363
2
0.092604
8
0.464470
2
0.265678
9
0.148661
1
0.121191
2
0.364376
8
0.351748
1
0.257062
9
0.026814
8
0.453937
9
0.385797
2
0.127536
1
0.032730
9
0.547842
8
0.277364
10
0.144855
11
0.029940
9
0.430642
10
0.329168
11
0.137334
8
0.102856
10
0.431124
11
0.314955
9
0.232195
8
0.021726
10
0.390249
9
0.325512
11
0.237533
8
0.046706
10
0.460670
11
0.418097
9
0.113373
8
0.007860
10
0.474227
11
0.446742
9
0.076132
8
0.002899
10
0.486456
11
0.482320
9
0.031224
0
0.000000
18
1.000000
0
0.000000
0
0.000000
0
0.000000
18
0.993779
17
0.003993
16
0.002228
0
0.000000
18
0.996293
17
0.002386
16
0.001322
0
0.000000
18
0.944822
17
0.034952
16
0.018542
0
0.001684
18
1.000000
0
0.000000
0
0.000000
0
0.000000
18
1.000000
0
0.000000
0
0.000000
0
0.000000
18
0.998761
19
0.001239
0
0.000000
0
0.000000
18
0.995951
19
0.004049
0
0.000000
0
0.000000
18
0.565817
17
0.278244
16
0.154824
0
0.001115
0
0.653333
17
0.214563
12
0.105169
18
0.026935
0
0.745128
17
0.148145
12
0.084142
18
0.022586
18
0.526803
17
0.255429
16
0.203459
0
0.014309
18
1.000000
0
0.000000
0
0.000000
0
0.000000
18
0.944822
17
0.034952
16
0.018542
0
0.001684
18
0.993779
17
0.003993
16
0.002228
0
0.000000
18
0.752154
17
0.167667
16
0.074672
0
0.005507
0
0.661739
17
0.183114
16
0.095503
18
0.059644
18
0.996293
17
0.002386
16
0.001322
0
0.000000
18
0.531122
17
0.267331
16
0.192907
0
0.008640
0
0.497905
1
0.186227
17
0.169943
16
0.145924
18
1.000000
0
0.000000
0
0.000000
0
0.000000
18
0.548358
17
0.282556
16
0.153895
0
0.015190
0
0.435204
17
0.225928
1
0.173348
16
0.165521
0
0.437563
1
0.237097
17
0.190150
16
0.135191
18
0.472074
17
0.366329
16
0.161597
0
0.000000
18
1.000000
0
0.000000
0
0.000000
0
0.000000
18
0.998761
19
0.001239
0
0.000000
0
0.000000
18
0.576769
17
0.266553
16
0.156678
0
0.000000
0
0.524252
17
0.234373
16
0.175558
1
0.065818
18
0.995951
19
0.004049
0
0.000000
0
0.000000
18
0.564492
17
0.282888
16
0.152619
0
0.000000
18
1.000000
0
0.000000
0
0.000000
0
0.000000
0
0.684843
17
0.169724
12
0.128161
18
0.017272
18
0.565817
17
0.278244
16
0.154824
0
0.001115
0
0.653333
17
0.214563
12
0.105169
18
0.026935
2
0.615585
1
0.336877
8
0.028566
0
0.018971
2
0.705031
1
0.219650
8
0.073709
0
0.001609
2
0.451248
1
0.317044
8
0.215260
0
0.016447
2
0.364376
8
0.351748
1
0.257062
9
0.026814
2
0.697787
8
0.165885
1
0.128413
9
0.007915
1
0.445133
8
0.364411
2
0.138056
0
0.052400
2
0.790283
1
0.203222
8
0.006495
0
0.000000
2
0.894720
1
0.087945
8
0.017335
0
0.000000
2
0.615585
1
0.336877
8
0.028566
0
0.018971
1
0.449083
8
0.254613
2
0.237345
0
0.058959
1
0.503437
0
0.346151
2
0.098828
8
0.051584
1
0.505327
2
0.289924
0
0.164872
8
0.039877
0
0.449571
1
0.430523
2
0.111909
16
0.007998
2
0.518803
1
0.388054
0
0.092026
8
0.001118
1
0.486861
0
0.264216
2
0.247374
8
0.001549
0
0.393563
1
0.358018
2
0.247167
16
0.001253
1
0.480458
0
0.262726
2
0.256816
0
0.000000
2
0.862993
1
0.137007
0
0.000000
0
0.000000
2
0.525520
1
0.376625
0
0.097855
0
0.000000
2
0.809116
1
0.190884
0
0.000000
0
0.000000
2
0.518803
1
0.388054
0
0.092026
8
0.001118
2
0.827748
1
0.170318
8
0.001933
0
0.000000
2
0.615585
1
0.336877
8
0.028566
0
0.018971
2
0.894720
1
0.087945
8
0.017335
0
0.000000
2
0.615585
1
0.336877
8
0.028566
0
0.018971
2
0.790283
1
0.203222
8
0.006495
0
0.000000
1
0.517779
8
0.325255
0
0.125862
2
0.031105
1
0.503437
0
0.346151
2
0.098828
8
0.051584
1
0.445133
8
0.364411
2
0.138056
0
0.052400
1
0.504684
0
0.417697
8
0.043972
17
0.033647
0
0.435204
17
0.225928
1
0.173348
16
0.165521
0
0.497905
1
0.186227
17
0.169943
16
0.145924
0
0.730113
1
0.209743
2
0.031009
17
0.029136
0
0.449571
1
0.430523
2
0.111909
16
0.007998
0
0.883098
1
0.062000
17
0.050167
18
0.004735
0
0.907745
12
0.049658
17
0.041262
13
0.001335
0
0.661739
17
0.183114
16
0.095503
18
0.059644
0
0.745128
17
0.148145
12
0.084142
18
0.022586
0
0.589176
12
0.227750
13
0.131874
14
0.051201
0
0.776254
1
0.171424
2
0.048556
17
0.003766
0
0.393563
1
0.358018
2
0.247167
16
0.001253
0
0.761524
12
0.113244
1
0.104006
13
0.021226
0
0.779057
12
0.168259
13
0.026352
1
0.026333
0
0.483403
12
0.226385
1
0.153438
13
0.136774
10
0.400798
11
0.289414
9
0.272798
8
0.036990
10
0.460670
11
0.418097
9
0.113373
8
0.007860
10
0.454193
11
0.428434
9
0.113917
8
0.003456
10
0.450142
11
0.416114
9
0.125818
8
0.007926
10
0.432406
11
0.386916
9
0.172030
8
0.008648
10
0.460670
11
0.418097
9
0.113373
8
0.007860
10
0.430616
11
0.369805
9
0.188649
8
0.010930
10
0.385768
9
0.331512
11
0.242230
8
0.040491
10
0.385768
9
0.331512
11
0.242230
8
0.040491
10
0.400798
11
0.289414
9
0.272798
8
0.036990
2
0.498315
8
0.263794
1
0.218195
9
0.019696
2
0.691362
8
0.166198
1
0.132086
9
0.010355
2
0.795593
1
0.111697
8
0.087993
9
0.004717
8
0.415317
2
0.333486
1
0.163204
9
0.087993
2
0.629805
8
0.222735
1
0.121522
9
0.025939
2
0.594731
8
0.241999
9
0.082893
1
0.080378
2
0.787422
8
0.174034
1
0.038543
0
0.000000
2
0.857460
8
0.084203
1
0.051001
9
0.007336
2
0.836292
8
0.088846
1
0.067682
9
0.007180
2
0.929505
1
0.039377
8
0.029567
9
0.001551
2
0.869416
8
0.065745
1
0.061239
9
0.003599
2
0.795593
1
0.111697
8
0.087993
9
0.004717
2
0.692559
1
0.216423
8
0.072025
3
0.018994
2
0.795593
1
0.111697
8
0.087993
9
0.004717
2
0.958920
4
0.031262
1
0.009818
0
0.000000
2
0.935668
4
0.053182
1
0.011150
0
0.000000
2
0.896448
4
0.067698
1
0.035855
0
0.000000
2
0.951317
4
0.045520
1
0.003163
0
0.000000
2
0.871790
4
0.082100
1
0.046110
0
0.000000
2
0.918744
4
0.078972
1
0.001192
5
0.001093
2
0.919617
4
0.079334
1
0.001049
0
0.000000
2
0.937183
4
0.050571
1
0.012246
0
0.000000
2
0.624222
4
0.242192
5
0.073717
1
0.059868
2
0.897046
4
0.086787
1
0.009828
5
0.006338
2
0.602313
4
0.236367
5
0.117517
1
0.043803
2
0.595215
4
0.240536
5
0.095421
1
0.068828
2
0.896448
4
0.067698
1
0.035855
0
0.000000
2
0.935668
4
0.053182
1
0.011150
0
0.000000
2
0.899455
8
0.074829
9
0.013965
1
0.011751
2
0.944683
8
0.044476
1
0.005643
9
0.005198
2
0.947715
8
0.034527
1
0.014721
9
0.003037
2
0.696790
8
0.201777
9
0.067250
1
0.034183
2
0.846272
8
0.110885
1
0.023509
9
0.019334
2
0.602922
8
0.260774
9
0.108486
1
0.027818
2
0.947715
8
0.034527
1
0.014721
9
0.003037
2
0.815482
8
0.137220
1
0.026892
9
0.020406
2
0.536694
8
0.316263
9
0.080054
1
0.066989
2
0.790717
8
0.151538
1
0.043852
9
0.013893
2
0.697787
8
0.165885
1
0.128413
9
0.007915
2
0.889771
8
0.085964
1
0.024266
0
0.000000
2
0.894720
1
0.087945
8
0.017335
0
0.000000
2
0.964269
1
0.031954
8
0.003776
0
0.000000
2
0.982315
8
0.010510
1
0.007176
0
0.000000
2
0.977501
8
0.015492
1
0.007006
0
0.000000
2
0.974764
8
0.014717
1
0.010519
0
0.000000
2
0.947715
8
0.034527
1
0.014721
9
0.003037
2
0.963363
1
0.036637
0
0.000000
0
0.000000
2
0.984164
1
0.008278
8
0.007558
0
0.000000
2
0.997957
1
0.002043
0
0.000000
0
0.000000
2
0.930355
1
0.069645
0
0.000000
0
0.000000
2
0.948611
1
0.051389
0
0.000000
0
0.000000
2
0.960892
4
0.023157
1
0.015952
0
0.000000
2
0.947805
1
0.050995
0
0.001200
0
0.000000
2
0.862993
1
0.137007
0
0.000000
0
0.000000
2
0.967500
1
0.032500
0
0.000000
0
0.000000
2
0.588827
1
0.364625
0
0.046548
0
0.000000
2
0.809732
1
0.185673
0
0.004594
0
0.000000
1
0.484206
2
0.419485
0
0.073785
4
0.022524
2
0.883572
1
0.106285
4
0.010144
0
0.000000
2
0.716906
1
0.261821
4
0.015477
0
0.005797
2
0.348688
4
0.336205
1
0.291480
5
0.023628
2
0.593608
1
0.209051
4
0.194596
5
0.002745
2
0.597792
4
0.266141
1
0.136067
0
0.000000
2
0.750827
4
0.131951
1
0.117222
0
0.000000
2
0.871790
4
0.082100
1
0.046110
0
0.000000
2
0.883531
4
0.063354
1
0.053115
0
0.000000
2
0.977260
4
0.017254
1
0.005486
0
0.000000
2
0.997957
1
0.002043
0
0.000000
0
0.000000
2
0.984164
1
0.008278
8
0.007558
0
0.000000
2
0.963363
1
0.036637
0
0.000000
0
0.000000
2
0.974238
1
0.025762
0
0.000000
0
0.000000
2
0.954456
1
0.045544
0
0.000000
0
0.000000
2
0.997957
1
0.002043
0
0.000000
0
0.000000
2
0.995713
1
0.003176
3
0.001110
0
0.000000
2
1.000000
0
0.000000
0
0.000000
0
0.000000
2
0.954456
1
0.045544
0
0.000000
0
0.000000
2
0.948611
1
0.051389
0
0.000000
0
0.000000
2
0.993637
1
0.004835
3
0.001528
0
0.000000
2
1.000000
0
0.000000
0
0.000000
0
0.000000
2
0.994533
1
0.004117
3
0.001351
0
0.000000
2
0.982315
8
0.010510
1
0.007176
0
0.000000
2
0.925165
1
0.074835
0
0.000000
0
0.000000
2
0.862993
1
0.137007
0
0.000000
0
0.000000
2
0.989243
1
0.005448
8
0.005309
0
0.000000
2
0.894720
1
0.087945
8
0.017335
0
0.000000
2
0.957044
1
0.042957
0
0.000000
0
0.000000
2
0.896082
1
0.101897
0
0.002022
0
0.000000
2
0.809116
1
0.190884
0
0.000000
0
0.000000
2
0.954152
1
0.045848
0
0.000000
0
0.000000
2
0.827748
1
0.170318
8
0.001933
0
0.000000
2
0.911592
1
0.088408
0
0.000000
0
0.000000
2
0.594731
8
0.241999
9
0.082893
1
0.080378
2
0.784083
8
0.133123
1
0.062893
9
0.019901
2
0.857460
8
0.084203
1
0.051001
9
0.007336
2
0.621253
8
0.233685
9
0.073165
1
0.071897
9
0.356553
8
0.325094
2
0.284872
1
0.033482
2
0.652389
8
0.218136
9
0.076688
1
0.052788
2
0.812400
8
0.112703
1
0.045880
9
0.029017
2
0.429183
8
0.323653
9
0.196890
1
0.050274
2
0.338487
8
0.330331
9
0.313686
1
0.017497
2
0.444757
8
0.314262
9
0.207342
1
0.033639
2
0.444757
8
0.314262
9
0.207342
1
0.033639
2
0.696790
8
0.201777
9
0.067250
1
0.034183
2
0.338487
8
0.330331
9
0.313686
1
0.017497
2
0.899455
8
0.074829
9
0.013965
1
0.011751
2
0.857460
8
0.084203
1
0.051001
9
0.007336
2
0.784083
8
0.133123
1
0.062893
9
0.019901
2
0.997957
1
0.002043
0
0.000000
0
0.000000
2
1.000000
0
0.000000
0
0.000000
0
0.000000
2
1.000000
0
0.000000
0
0.000000
0
0.000000
2
1.000000
0
0.000000
0
0.000000
0
0.000000
2
1.000000
0
0.000000
0
0.000000
0
0.000000
2
1.000000
0
0.000000
0
0.000000
0
0.000000
2
1.000000
0
0.000000
0
0.000000
0
0.000000
2
1.000000
0
0.000000
0
0.000000
0
0.000000
2
1.000000
0
0.000000
0
0.000000
0
0.000000
2
0.997655
3
0.002345
0
0.000000
0
0.000000
2
1.000000
0
0.000000
0
0.000000
0
0.000000
2
1.000000
0
0.000000
0
0.000000
0
0.000000
2
1.000000
0
0.000000
0
0.000000
0
0.000000
2
1.000000
0
0.000000
0
0.000000
0
0.000000
2
0.991853
8
0.005622
1
0.002524
0
0.000000
2
1.000000
0
0.000000
0
0.000000
0
0.000000
2
1.000000
0
0.000000
0
0.000000
0
0.000000
8
0.551107
1
0.190854
9
0.168671
2
0.089368
8
0.541783
1
0.380714
9
0.063480
2
0.014023
8
0.528111
1
0.343812
9
0.103675
0
0.024402
8
0.568754
1
0.297756
9
0.067070
2
0.066421
8
0.415317
2
0.333486
1
0.163204
9
0.087993
1
0.529560
8
0.399588
0
0.042910
2
0.027942
1
0.570135
8
0.278018
0
0.134431
2
0.017416
8
0.482047
1
0.267149
2
0.200577
9
0.050227
2
0.498315
8
0.263794
1
0.218195
9
0.019696
8
0.356609
1
0.337743
2
0.280367
9
0.025282
2
0.692559
1
0.216423
8
0.072025
3
0.018994
1
0.434188
8
0.421436
2
0.109039
9
0.035338
2
0.390749
1
0.367110
8
0.228289
9
0.013853
1
0.595831
2
0.301948
0
0.063691
3
0.038530
1
0.526365
8
0.256796
2
0.184344
0
0.032496
1
0.658354
0
0.203975
2
0.083807
8
0.053864
1
0.613235
8
0.223034
0
0.091802
2
0.071929
1
0.600717
2
0.209669
4
0.187750
3
0.001865
4
0.461546
1
0.258089
2
0.232937
5
0.047428
4
0.474356
1
0.316147
2
0.122099
5
0.087398
1
0.363405
2
0.320021
4
0.295115
5
0.021460
1
0.614724
2
0.339363
3
0.033661
4
0.012252
2
0.408193
4
0.399811
1
0.150650
5
0.041346
4
0.446117
2
0.291243
5
0.135189
1
0.127451
2
0.435371
1
0.363669
4
0.187962
5
0.012998
2
0.741688
1
0.224114
3
0.021069
4
0.013128
2
0.694002
1
0.171450
4
0.126733
5
0.007815
2
0.945007
4
0.033229
1
0.021764
0
0.000000
2
0.559029
4
0.244828
1
0.179646
5
0.016497
2
0.855488
4
0.072419
1
0.072093
0
0.000000
2
0.896448
4
0.067698
1
0.035855
0
0.000000
2
0.762633
4
0.141831
1
0.095536
0
0.000000
2
0.595215
4
0.240536
5
0.095421
1
0.068828
2
0.606482
4
0.261575
1
0.104371
5
0.027572
2
1.000000
0
0.000000
0
0.000000
0
0.000000
2
0.991853
8
0.005622
1
0.002524
0
0.000000
2
0.998962
8
0.001038
0
0.000000
0
0.000000
2
1.000000
0
0.000000
0
0.000000
0
0.000000
2
1.000000
0
0.000000
0
0.000000
0
0.000000
2
0.986731
8
0.009737
1
0.003533
0
0.000000
2
0.929505
1
0.039377
8
0.029567
9
0.001551
2
1.000000
0
0.000000
0
0.000000
0
0.000000
2
0.982315
8
0.010510
1
0.007176
0
0.000000
2
1.000000
0
0.000000
0
0.000000
0
0.000000
2
1.000000
0
0.000000
0
0.000000
0
0.000000
2
0.974764
8
0.014717
1
0.010519
0
0.000000
2
0.963538
8
0.029190
1
0.007272
0
0.000000
2
0.857460
8
0.084203
1
0.051001
9
0.007336
2
0.978405
8
0.021595
0
0.000000
0
0.000000
2
0.899455
8
0.074829
9
0.013965
1
0.011751
2
0.991812
8
0.006338
1
0.001851
0
0.000000
2
1.000000
0
0.000000
0
0.000000
0
0.000000
2
1.000000
0
0.000000
0
0.000000
0
0.000000
2
1.000000
0
0.000000
0
0.000000
0
0.000000
2
1.000000
0
0.000000
0
0.000000
0
0.000000
2
0.997957
1
0.002043
0
0.000000
0
0.000000
2
0.998716
3
0.001284
0
0.000000
0
0.000000
2
0.945007
4
0.033229
1
0.021764
0
0.000000
2
1.000000
0
0.000000
0
0.000000
0
0.000000
2
0.977260
4
0.017254
1
0.005486
0
0.000000
2
1.000000
0
0.000000
0
0.000000
0
0.000000
2
1.000000
0
0.000000
0
0.000000
0
0.000000
2
0.871790
4
0.082100
1
0.046110
0
0.000000
2
0.977141
4
0.017445
1
0.005414
0
0.000000
2
0.896448
4
0.067698
1
0.035855
0
0.000000
2
1.000000
0
0.000000
0
0.000000
0
0.000000
2
0.958920
4
0.031262
1
0.009818
0
0.000000
2
0.971911
4
0.021231
1
0.006858
0
0.000000
<BindPoses>:
20
0.000000
0.000000
1.000000
0.000000
-0.931197
0.364516
0.000000
0.000000
-0.364516
-0.931197
0.000000
0.000000
121.835200
-56.411010
0.000000
1.000000
0.000000
0.000000
-1.000000
0.000000
-0.978175
0.207782
0.000000
0.000000
0.207782
0.978175
0.000000
0.000000
190.572000
-57.969760
0.000000
1.000000
0.000000
0.000000
1.000000
0.000000
0.389534
0.921012
0.000000
0.000000
-0.921012
0.389534
0.000000
0.000000
-149.868800
-315.963300
-0.000002
1.000000
1.000000
0.000000
0.000000
0.000000
0.000000
1.000000
0.000000
0.000000
0.000000
0.000000
1.000000
0.000000
-0.000001
-293.304700
-117.643400
1.000000
0.999544
0.003005
-0.030058
0.000000
-0.002966
0.999995
0.001353
0.000000
0.030062
-0.001264
0.999547
0.000000
96.763660
-262.315500
15.467300
1.000000
0.972613
0.002478
0.232416
0.000000
-0.002871
0.999995
0.001351
0.000000
-0.232412
-0.001981
0.972616
0.000000
183.322000
-262.432800
65.510510
1.000000
0.956539
-0.038181
0.289096
0.000000
0.039884
0.999204
0.000000
0.000000
-0.288866
0.011530
0.957300
0.000000
255.398000
-273.525400
81.623530
1.000000
1.000000
0.000000
0.000000
0.000000
0.000000
1.000000
0.000000
0.000000
0.000000
0.000000
1.000000
0.000000
317.958400
-261.469500
-10.756120
1.000000
-0.999544
-0.003005
-0.030058
0.000000
-0.002965
0.999995
-0.001390
0.000000
0.030062
-0.001300
-0.999547
0.000000
96.763270
-262.316000
-15.457600
1.000000
-0.972613
-0.002468
0.232416
0.000000
-0.002869
0.999995
-0.001388
0.000000
-0.232411
-0.002016
-0.972616
0.000000
183.321800
-262.435200
-65.500920
1.000000
-0.956537
0.038182
0.289101
0.000000
0.039885
0.999204
0.000000
0.000000
-0.288871
0.011531
-0.957299
0.000000
255.397800
-273.525100
-81.625270
1.000000
1.000000
0.000000
0.000000
0.000000
0.000000
-1.000000
0.000000
0.000000
0.000000
0.000000
-1.000000
0.000000
-317.958000
261.469000
10.756100
1.000000
0.262148
-0.494155
0.828908
0.000000
0.948118
0.291977
-0.125786
0.000000
-0.179865
0.818877
0.545059
0.000000
-103.716500
-55.233940
44.186100
1.000000
0.242180
-0.890967
-0.384092
0.000000
0.937742
0.316535
-0.142987
0.000000
0.248975
-0.325550
0.912156
0.000000
-48.733770
-62.252370
-23.710660
1.000000
0.091624
-0.001085
0.995793
0.000000
0.011845
0.999930
0.000000
0.000000
-0.995723
0.011795
0.091631
0.000000
5.057756
-7.544259
66.661380
1.000000
0.993253
0.114886
0.015816
0.000000
-0.114835
0.993376
-0.004119
0.000000
-0.016184
0.002275
0.999866
0.000000
71.780510
1.107262
-40.564690
1.000000
-0.262147
0.494159
0.828906
0.000000
0.948118
0.291975
0.125786
0.000000
-0.179862
0.818876
-0.545062
0.000000
-103.717100
-55.233950
-44.185940
1.000000
-0.242179
0.890967
-0.384093
0.000000
0.937743
0.316534
0.142986
0.000000
0.248974
-0.325552
-0.912156
0.000000
-48.733810
-62.252300
23.710740
1.000000
-0.091624
0.001085
0.995793
0.000000
0.011844
0.999930
0.000000
0.000000
-0.995723
0.011795
-0.091631
0.000000
5.057748
-7.544256
-66.661340
1.000000
0.993253
0.114886
0.015816
0.000000
0.114835
-0.993376
0.004119
0.000000
0.016184
-0.002275
-0.999866
0.000000
-71.780470
-1.107259
40.564720
1.000000
<BoneNames>:
20
Hips
Spine
Head
joint1
Upper_Arm_L
Lower_Arm_L
Hand_L
Index_Proximal_L
Upper_Arm_R
Lower_Arm_R
Hand_R
Index_Proximal_R
Upper_Leg_L
Lower_Leg_L
Foot_L
Toes_L
Upper_Reg_R
Lower_Reg_R
Foot_R
Toes_R
<SubMeshes>:
1
<SubMesh>:
0
2292
0
1
2
0
3
4
4
5
6
4
6
7
7
8
4
7
9
8
10
9
7
8
9
10
10
7
11
8
10
12
13
8
12
13
12
14
15
10
11
15
11
16
17
12
10
17
10
15
18
14
12
18
12
17
19
15
16
19
16
20
21
17
15
21
15
19
22
19
20
22
20
23
24
19
22
24
21
19
25
22
23
24
22
25
25
23
26
24
25
27
28
24
27
28
29
24
29
21
24
30
29
28
30
31
29
32
17
21
29
32
21
31
32
29
32
18
17
31
33
32
33
18
32
34
33
31
33
35
18
35
14
18
35
36
14
34
37
33
37
35
33
38
37
34
37
39
35
39
36
35
38
40
37
40
39
37
41
40
38
41
42
40
43
42
41
40
44
39
42
44
40
39
45
36
44
45
39
42
46
44
43
47
42
47
46
42
44
48
45
46
48
44
49
36
45
36
49
50
36
50
51
52
47
43
53
52
43
53
43
54
55
52
53
55
56
52
56
57
52
52
57
47
56
58
57
57
59
47
47
59
46
58
60
57
57
60
59
58
61
60
59
62
46
46
62
48
61
63
60
61
64
63
60
65
59
59
65
62
60
63
65
64
66
63
64
67
66
63
68
65
63
66
68
65
69
62
65
68
69
62
70
48
62
69
70
67
71
66
67
72
71
66
73
68
66
71
73
68
73
74
68
74
69
74
73
71
48
70
75
48
75
45
69
76
70
69
74
76
70
77
75
77
76
74
78
76
77
79
45
75
75
80
79
75
77
80
74
71
81
77
74
81
71
82
81
82
77
81
71
83
82
82
84
77
49
45
85
85
86
49
85
87
86
85
88
87
89
49
86
89
90
49
91
89
86
91
86
87
92
89
91
92
91
93
94
91
87
94
87
95
96
97
98
99
98
100
100
98
101
100
101
102
102
101
103
102
103
104
101
98
105
101
105
103
104
103
106
104
106
107
108
106
103
107
106
108
108
103
105
107
108
109
98
110
105
110
108
105
98
111
110
112
111
99
112
110
111
113
110
112
109
108
114
109
114
113
110
114
108
113
114
110
115
116
117
115
117
118
117
119
118
117
120
119
121
115
118
119
121
118
121
122
115
115
122
123
115
123
124
119
125
121
119
120
126
120
127
126
128
125
119
128
129
125
128
119
130
119
126
130
128
130
131
130
132
131
127
133
126
127
134
133
135
133
134
126
136
130
130
136
132
126
133
136
135
137
133
137
136
133
138
137
135
139
132
136
137
139
136
139
140
132
141
140
139
141
139
142
142
139
137
142
137
138
143
142
138
143
144
142
142
144
145
142
145
146
147
148
149
147
149
150
151
147
150
151
152
147
151
153
152
151
154
153
155
156
157
155
158
156
159
158
155
159
160
158
158
160
161
156
158
162
158
161
162
156
162
163
162
161
164
163
162
165
162
164
165
163
165
166
165
164
167
166
165
168
165
167
168
166
168
169
168
170
169
167
171
168
168
171
170
167
172
171
171
172
173
170
171
174
171
173
174
170
174
175
174
173
176
175
174
177
174
176
177
177
176
178
175
177
179
177
178
180
179
177
180
179
180
181
182
183
184
182
185
183
186
185
182
185
187
183
186
188
185
187
185
188
187
188
189
190
188
186
188
191
189
190
192
188
188
192
191
190
193
192
193
191
192
193
194
191
190
195
193
196
194
193
195
197
193
196
193
197
195
198
197
197
199
196
198
199
197
198
200
199
201
202
203
204
203
202
204
202
205
206
203
204
206
207
203
208
207
206
208
209
207
207
210
202
209
210
207
211
202
210
209
212
210
213
212
209
213
209
214
215
213
214
215
216
213
217
210
212
217
212
213
217
213
216
211
210
217
217
216
218
211
217
218
211
218
219
211
219
220
211
220
221
221
220
222
211
221
223
211
223
224
221
222
225
226
225
222
226
227
225
225
227
228
221
225
229
221
229
223
225
228
229
228
223
229
228
230
223
230
224
223
231
230
228
231
232
230
232
233
230
234
233
224
232
235
233
235
224
233
235
236
224
237
238
239
237
239
240
240
239
241
240
241
242
243
242
241
243
241
244
245
243
244
245
244
246
247
248
249
247
250
248
251
250
247
248
250
252
252
250
251
248
252
253
254
248
253
254
255
248
251
247
256
257
256
247
258
257
247
258
247
259
260
257
258
257
261
256
261
251
256
260
262
257
262
261
257
263
262
260
263
264
262
265
264
263
262
266
261
264
266
262
261
267
251
266
267
261
265
268
264
269
268
265
264
270
266
268
270
264
269
271
268
272
271
269
272
273
271
271
274
268
268
274
270
271
275
274
270
276
266
266
276
267
267
277
251
252
251
277
278
252
277
267
279
277
276
279
267
275
280
274
275
281
280
274
282
270
270
282
276
274
280
282
279
283
252
283
284
252
283
285
284
285
283
286
276
287
279
287
283
279
282
287
276
287
286
283
280
288
282
282
288
287
288
286
287
280
289
288
289
290
288
288
290
286
289
291
290
292
291
289
292
293
291
293
294
291
293
295
294
291
296
290
291
294
296
290
297
286
290
296
297
295
298
294
295
299
298
294
300
296
294
298
300
296
301
297
296
300
301
297
301
302
297
302
303
303
286
297
303
304
286
299
305
298
298
306
300
298
305
306
299
307
305
308
307
299
308
309
307
307
309
310
300
306
311
300
311
312
313
312
311
313
311
314
306
315
311
314
311
315
305
316
306
306
316
315
307
317
305
305
317
316
307
310
318
307
318
317
310
319
318
310
320
319
318
319
321
318
321
317
317
321
322
317
322
316
316
322
323
316
323
315
315
323
324
314
315
325
315
324
325
324
314
325
324
326
314
326
324
327
326
327
328
329
330
331
329
332
330
333
332
329
333
329
334
333
334
335
333
335
336
337
338
339
337
339
340
341
337
340
341
340
342
340
343
342
339
344
340
340
344
343
339
345
344
344
346
343
345
347
344
344
347
346
345
348
347
347
349
346
348
350
347
347
350
349
348
351
350
350
351
352
349
350
353
350
352
353
349
353
354
353
355
354
352
356
353
353
356
355
352
357
356
356
358
355
357
359
356
356
359
358
359
360
358
357
361
359
359
362
360
361
362
359
361
363
362
364
365
366
367
366
365
367
365
368
369
366
367
368
365
370
368
370
371
372
370
365
369
373
366
374
373
369
375
372
366
375
366
373
374
375
373
376
375
374
375
377
372
376
378
375
375
378
377
379
378
376
379
380
378
377
378
380
381
380
379
377
380
382
381
382
380
383
382
381
383
384
382
385
384
383
385
386
377
387
388
385
387
389
388
390
391
392
390
393
391
391
393
394
391
394
395
396
391
395
396
397
391
398
396
395
399
396
398
398
395
400
400
399
398
400
401
399
402
399
401
403
397
396
399
403
396
403
404
397
399
405
403
402
406
399
399
406
405
406
402
407
406
407
405
408
409
410
408
410
411
411
410
412
304
412
410
304
410
413
304
303
412
414
412
303
411
412
414
414
303
415
416
411
414
416
417
411
418
419
420
421
419
418
421
422
419
423
422
421
423
424
422
425
424
423
426
422
424
425
426
424
426
419
422
427
426
425
428
419
426
427
428
426
428
429
419
430
428
427
430
429
428
418
431
430
432
433
434
432
435
433
436
435
432
437
433
435
437
438
433
436
439
435
439
437
435
440
439
436
440
441
439
439
441
437
442
441
440
442
437
441
443
437
442
443
438
437
444
438
443
444
445
438
446
447
448
449
447
446
449
450
447
451
450
449
452
447
450
451
453
450
452
450
453
454
453
451
454
455
453
456
455
454
457
453
455
456
457
455
457
452
453
458
457
456
458
459
457
459
452
457
460
459
458
459
461
452
460
461
459
462
452
461
462
461
460
446
463
462
464
465
466
464
467
465
468
467
464
467
469
465
468
470
467
471
470
468
471
472
470
472
467
470
473
472
471
473
474
472
472
474
467
475
474
473
474
476
467
467
476
469
475
477
474
474
477
476
478
477
475
478
479
477
480
479
478
477
479
481
480
481
479
477
481
476
482
481
480
476
481
483
482
483
481
476
483
469
484
483
482
484
469
483
485
469
484
485
486
469
487
488
489
490
488
487
490
491
488
492
491
490
493
488
491
487
493
494
492
495
491
493
491
495
496
495
492
496
497
495
493
495
497
498
497
496
494
493
499
494
499
500
498
501
497
502
501
498
493
497
503
499
493
503
503
497
501
500
499
504
499
503
504
500
504
505
502
506
501
503
501
506
504
503
506
507
506
502
505
504
508
505
508
507
504
506
508
507
508
506
509
510
511
509
512
510
513
512
509
514
510
512
514
515
510
513
516
512
514
512
516
517
516
513
517
518
516
514
516
519
520
514
519
520
519
521
522
514
520
522
515
514
523
515
522
523
524
515
525
526
527
528
527
526
525
529
526
530
529
525
530
531
529
526
529
531
532
531
530
532
533
531
534
533
532
533
535
531
526
531
535
528
526
536
537
528
536
526
538
536
537
536
538
526
535
538
539
537
538
539
538
540
534
539
540
540
538
535
533
541
535
534
541
533
540
535
541
534
540
541
542
543
544
542
545
543
546
545
542
544
543
547
544
547
548
546
549
545
550
549
546
550
551
549
551
545
549
552
551
550
553
543
545
551
553
545
553
547
543
552
554
551
554
553
551
555
554
552
554
556
553
555
556
554
556
547
553
557
556
555
548
547
558
548
558
557
556
558
547
557
558
556
559
560
561
559
562
560
563
562
559
561
560
564
561
564
565
563
566
562
567
566
563
567
568
566
568
562
566
569
568
567
570
560
562
568
570
562
570
564
560
569
571
568
571
570
568
572
571
569
571
573
570
572
573
571
573
564
570
574
573
572
565
564
575
565
575
574
573
575
564
574
575
573
576
577
578
576
578
579
580
576
579
577
581
578
577
582
581
580
579
583
584
580
583
585
579
578
583
579
585
585
578
581
584
583
586
583
585
586
587
584
586
582
588
581
582
589
588
590
585
581
590
581
588
589
590
588
586
585
590
589
591
590
591
587
592
587
586
592
586
590
592
591
592
590
593
594
595
593
596
594
597
596
593
595
594
598
595
598
599
597
600
596
601
600
597
602
594
596
600
602
596
602
598
594
601
603
600
600
603
602
604
603
601
599
598
605
599
605
606
607
598
602
607
605
598
606
605
607
603
607
602
606
607
608
608
609
604
604
609
603
603
609
607
608
607
609
</Mesh>
<Materials>:
1
<Material>:
0
<AlbedoColor>:
1.000000
1.000000
1.000000
1.000000
<AlbedoMap>:
AlbedoGolem.png
<EmissiveColor>:
1.000000
1.000000
1.000000
1.000000
<SpecularColor>:
0.200000
0.200000
0.200000
1.000000
<Glossiness>:
0.500000
<Smoothness>:
1.000000
<Metallic>:
0.000000
<SpecularHighlight>:
1.000000
<GlossyReflection>:
1.000000
</Materials>
<Children>:
0
</Frame>
</Frame>
</Hierarchy>
